cancer_A_1182_1_CC.png
2
355.3846435546875 590.1928100585938 127.71017456054688 123.24200439453125 0.9675883650779724
381.9762268066406 617.63037109375 75.7503662109375 69.3428955078125 0.12076888233423233
cancer_C_0141_1_MLO.png
1
27.760103225708008 488.4153747558594 122.87185478210449 150.45443725585938 0.9980452060699463
benign_B_3356_1_MLO.png
1
282.9523620605469 366.84686279296875 40.82855224609375 44.879791259765625 0.25553417205810547
benign_D_4027_1_CC.png
3
62.17072677612305 456.83648681640625 58.97087478637695 82.259521484375 0.9157131314277649
220.72616577148438 445.6096496582031 49.715911865234375 60.209136962890625 0.2052212953567505
63.81706619262695 462.2071838378906 52.852230072021484 70.06546020507812 0.07867821305990219
benign_D_4026_1_MLO.png
2
26.116788864135742 523.6897583007812 88.68551826477051 110.70330810546875 0.899797797203064
51.57588577270508 554.4663696289062 41.379581451416016 45.236572265625 0.05743325874209404
cancer_A_1211_1_MLO.png
2
276.518798828125 436.87921142578125 90.48922729492188 97.40765380859375 0.986338198184967
507.00958251953125 610.049072265625 37.02801513671875 47.24420166015625 0.970867395401001
benign_B_3144_1_MLO.png
2
226.38973999023438 308.0946044921875 221.37979125976562 160.23162841796875 0.894500732421875
297.1661376953125 319.37982177734375 57.818939208984375 56.7803955078125 0.24409204721450806
cancer_B_3083_1_CC.png
1
341.94476318359375 354.4876708984375 44.921112060546875 39.9005126953125 0.9333478212356567
cancer_A_1499_1_CC.png
1
460.4617614746094 411.1813049316406 91.74569702148438 66.39776611328125 0.8675583004951477
benign_C_0380_1_CC.png
6
64.3517837524414 351.7885437011719 58.870399475097656 80.797607421875 0.654429018497467
137.05307006835938 589.1939086914062 92.50656127929688 100.0050048828125 0.2799694240093231
154.80259704589844 611.8759155273438 62.07246398925781 58.6905517578125 0.9103133082389832
58.75104522705078 245.7056884765625 56.932899475097656 53.831329345703125 0.884449303150177
250.46217346191406 259.9416198730469 87.22630310058594 102.59335327148438 0.8361836075782776
66.56074523925781 359.1299133300781 55.08393096923828 65.08172607421875 0.3231092691421509
cancer_D_4148_1_CC.png
2
128.27760314941406 489.00115966796875 88.56550598144531 111.432861328125 0.15617811679840088
172.4127655029297 711.6739501953125 55.218414306640625 64.4647216796875 0.9572497010231018
cancer_B_3391_1_CC.png
7
451.98358154296875 705.0908203125 36.8922119140625 42.12255859375 0.9035527110099792
239.94264221191406 369.7062072753906 45.12428283691406 49.448272705078125 0.15760251879692078
152.4771270751953 618.2487182617188 56.92366027832031 64.85186767578125 0.05850617215037346
10.087424278259277 325.805908203125 58.85532474517822 59.33575439453125 0.9914048910140991
242.60411071777344 370.42071533203125 44.61997985839844 50.5389404296875 0.5829735994338989
453.8681945800781 703.6388549804688 30.846832275390625 42.0394287109375 0.06139632686972618
153.44583129882812 618.4955444335938 57.5291748046875 64.61517333984375 0.051431719213724136
cancer_B_3010_1_MLO.png
2
139.24264526367188 792.0374145507812 53.860321044921875 51.44049072265625 0.5892632603645325
146.1233673095703 798.7376708984375 42.98492431640625 38.18914794921875 0.43766939640045166
benign_C_0279_1_MLO.png
2
57.453617095947266 199.6591033935547 279.45583724975586 254.13499450683594 0.23668476939201355
8.712530136108398 800.68798828125 88.0073184967041 108.515380859375 0.08831273019313812
cancer_A_1499_1_MLO.png
3
428.6628723144531 748.252197265625 48.605621337890625 49.47088623046875 0.0759020745754242
217.3804931640625 735.7606811523438 63.107666015625 74.073486328125 0.7968523502349854
428.24700927734375 747.7567749023438 50.3857421875 50.29754638671875 0.0877399891614914
benign_A_1421_1_CC.png
1
356.5718078613281 390.6946105957031 48.0126953125 50.1708984375 0.1254098266363144
cancer_A_1417_1_MLO.png
1
574.3023681640625 424.1330261230469 40.5655517578125 39.2161865234375 0.9608010649681091
benign_C_0337_1_MLO.png
2
82.38626861572266 491.270263671875 97.65848541259766 98.55224609375 0.9771620631217957
18.115571975708008 315.630126953125 57.05219078063965 73.91314697265625 0.23748382925987244
benign_B_3365_1_CC.png
1
434.5608825683594 633.074462890625 94.41268920898438 94.96820068359375 0.9799287915229797
cancer_C_0181_1_MLO.png
5
240.057373046875 318.86627197265625 32.35357666015625 34.565521240234375 0.706337034702301
240.95477294921875 633.04150390625 92.2655029296875 99.55743408203125 0.6469355225563049
47.86288070678711 433.8733825683594 151.14058303833008 151.88351440429688 0.9918426275253296
243.70962524414062 320.692626953125 30.065826416015625 35.50994873046875 0.24794630706310272
263.7310791015625 651.5269165039062 51.915435791015625 61.3206787109375 0.1407105177640915
cancer_C_0139_1_CC.png
1
0.0 200.37596130371094 91.25025177001953 141.1523895263672 0.37542760372161865
cancer_A_1020_1_CC.png
1
572.97802734375 821.9819946289062 56.407958984375 78.22857666015625 0.9333397746086121
benign_C_0317_1_MLO.png
1
266.4654541015625 599.713623046875 91.260986328125 75.29327392578125 0.9480201005935669
benign_C_0286_1_MLO.png
3
397.2356262207031 525.3547973632812 90.41015625 103.90240478515625 0.8112707138061523
362.25213623046875 656.5372924804688 52.0029296875 61.33135986328125 0.5221221446990967
410.8387756347656 551.9598999023438 63.13165283203125 51.20831298828125 0.07160268723964691
benign_D_4094_1_CC.png
2
309.572509765625 307.4235534667969 47.376800537109375 50.736236572265625 0.45683127641677856
313.723876953125 309.5011901855469 41.36175537109375 46.2222900390625 0.5386111736297607
benign_D_4039_1_MLO.png
2
346.02423095703125 519.3753051757812 98.9537353515625 98.4388427734375 0.12896595895290375
338.7881164550781 507.9874572753906 120.10647583007812 118.62545776367188 0.5080863833427429
cancer_B_3027_1_MLO.png
3
99.90534210205078 499.4580078125 81.01009368896484 84.26409912109375 0.45640435814857483
2.29532527923584 461.80596923828125 41.87436771392822 56.3878173828125 0.9881304502487183
113.9161376953125 512.8980712890625 56.298187255859375 56.483154296875 0.05576484277844429
cancer_A_1060_1_CC.png
1
258.2781982421875 601.2587890625 66.37136840820312 88.2784423828125 0.9936327338218689
cancer_C_0019_1_MLO.png
2
173.1121368408203 197.73959350585938 254.3900909423828 352.3391418457031 0.9956676959991455
410.779052734375 573.6689453125 182.0260009765625 165.9505615234375 0.982642650604248
benign_A_1805_1_CC.png
3
162.36282348632812 823.2699584960938 76.57000732421875 103.28485107421875 0.6242225170135498
569.4749145507812 297.6427307128906 47.78424072265625 48.273834228515625 0.07877930253744125
565.2930908203125 289.5758056640625 61.7281494140625 62.544036865234375 0.309553325176239
cancer_A_1403_1_CC.png
2
473.203857421875 574.8690185546875 53.5723876953125 48.91473388671875 0.4729006588459015
484.65753173828125 861.9475708007812 38.3675537109375 37.4066162109375 0.43006542325019836
cancer_C_0195_1_MLO.png
1
130.93475341796875 238.74041748046875 125.22616577148438 160.5831298828125 0.9965810179710388
benign_B_3186_1_CC.png
0
benign_B_3365_1_MLO.png
1
204.07748413085938 581.9158325195312 101.80752563476562 109.05487060546875 0.9128188490867615
cancer_A_1403_1_MLO.png
1
230.96942138671875 639.381591796875 39.290679931640625 48.16046142578125 0.14827382564544678
cancer_B_3412_1_CC.png
1
10.037799835205078 215.82444763183594 186.1460075378418 155.3408660888672 0.9954224228858948
benign_A_1321_1_CC.png
4
403.7965393066406 448.6413879394531 67.7879638671875 62.14971923828125 0.2879325747489929
645.4346923828125 484.6119689941406 55.1180419921875 47.756500244140625 0.06537292152643204
641.633544921875 483.3866271972656 67.39813232421875 48.323516845703125 0.926798403263092
407.1119689941406 449.4610290527344 62.64599609375 61.990203857421875 0.2250126302242279
cancer_A_1215_1_MLO.png
1
240.8057098388672 688.201904296875 229.2604217529297 212.836181640625 0.99112468957901
benign_A_1710_1_MLO.png
2
203.60690307617188 638.1148071289062 251.60894775390625 256.8194580078125 0.6002543568611145
225.99267578125 674.052001953125 203.75784301757812 184.87213134765625 0.9556483030319214
cancer_A_1622_1_CC.png
2
416.4630126953125 988.2286987304688 60.96533203125 63.50506591796875 0.9559253454208374
508.9549255371094 774.2423095703125 82.38595581054688 92.33477783203125 0.993311882019043
benign_A_1737_1_CC.png
1
380.11480712890625 325.2997131347656 74.54129028320312 92.0032958984375 0.18761874735355377
benign_A_1785_1_CC.png
0
cancer_A_1727_1_MLO.png
2
327.9395446777344 946.4942626953125 112.16830444335938 105.8282470703125 0.9655985832214355
344.20709228515625 971.41162109375 82.65267944335938 65.8199462890625 0.1999918669462204
cancer_A_1985_1_CC.png
0
cancer_A_1524_1_MLO.png
0
cancer_C_0226_1_CC.png
1
9.898067474365234 435.35455322265625 102.24106979370117 111.13726806640625 0.995585560798645
cancer_C_0340_1_MLO.png
1
182.0710906982422 289.0754699707031 120.57392883300781 78.977783203125 0.9308266639709473
cancer_B_3047_1_CC.png
1
193.86026000976562 222.01907348632812 52.32661437988281 35.74285888671875 0.47074225544929504
benign_B_3491_1_CC.png
2
157.697509765625 299.5684509277344 57.628875732421875 58.784912109375 0.9575641751289368
27.912511825561523 187.0870361328125 83.75761604309082 67.42662048339844 0.7973542213439941
cancer_B_3391_1_MLO.png
1
74.33998107910156 748.2603149414062 71.30601501464844 67.8531494140625 0.06949674338102341
cancer_C_0004_1_CC.png
3
2.8807997703552246 163.876220703125 108.51479196548462 116.06314086914062 0.9856516122817993
93.84242248535156 337.205078125 58.55419921875 62.9085693359375 0.34862715005874634
94.45909118652344 246.5440216064453 47.02940368652344 43.57469177246094 0.11949578672647476
benign_A_1884_1_MLO.png
2
218.98512268066406 575.5029907226562 92.78205871582031 87.5396728515625 0.08668171614408493
418.9914855957031 269.1052551269531 45.35882568359375 49.645843505859375 0.7408297657966614
cancer_B_3398_1_MLO.png
3
270.7481689453125 523.8467407226562 49.260528564453125 67.24560546875 0.3886793255805969
325.1302185058594 440.2897644042969 38.78887939453125 50.13330078125 0.735651969909668
276.83026123046875 528.6930541992188 41.38702392578125 60.7841796875 0.40852734446525574
cancer_C_0204_1_CC.png
1
242.229248046875 692.3366088867188 108.03756713867188 107.9180908203125 0.9923182725906372
benign_A_1545_1_MLO.png
3
316.1826171875 668.9009399414062 52.710296630859375 57.38861083984375 0.9197520613670349
187.58843994140625 424.386962890625 38.96185302734375 74.34365844726562 0.12532353401184082
320.5635681152344 676.4299926757812 46.306793212890625 45.9454345703125 0.054039809852838516
cancer_A_1190_1_CC.png
2
363.53643798828125 726.5801391601562 65.79080200195312 82.33770751953125 0.8425886631011963
366.8672790527344 735.6157836914062 58.0052490234375 63.829345703125 0.27191972732543945
benign_C_0388_1_MLO.png
1
204.9360809326172 448.64593505859375 64.21272277832031 80.7451171875 0.07924190163612366
cancer_C_0080_1_CC.png
4
143.60018920898438 409.74346923828125 102.43455505371094 108.87506103515625 0.6203055381774902
186.01654052734375 292.0854187011719 72.245849609375 79.1300048828125 0.49627578258514404
142.24252319335938 405.55218505859375 104.69819641113281 119.22467041015625 0.4429624378681183
194.8135986328125 301.5928955078125 58.796722412109375 62.309356689453125 0.2908974289894104
benign_A_1408_1_CC.png
0
benign_C_0404_1_CC.png
2
79.4404296875 527.7935180664062 127.01850891113281 149.07073974609375 0.9061363339424133
97.99641418457031 544.2683715820312 100.79733276367188 118.763427734375 0.35149499773979187
cancer_C_0104_1_CC.png
5
51.809017181396484 245.85861206054688 46.0192756652832 42.612518310546875 0.08974921703338623
0.45733150839805603 288.5514831542969 69.37211337685585 124.72125244140625 0.9875726699829102
58.27889633178711 461.72344970703125 63.051692962646484 78.69500732421875 0.9633443355560303
59.1939811706543 242.4145965576172 44.33809280395508 50.02241516113281 0.9386191368103027
4.0431623458862305 553.2815551757812 34.21295642852783 67.489501953125 0.6997879147529602
benign_C_0507_1_CC.png
2
2.269803285598755 435.3367614746094 60.33482241630554 70.8724365234375 0.5840684771537781
0.0 395.56060791015625 98.3533706665039 130.43994140625 0.46958088874816895
cancer_A_1558_1_MLO.png
0
benign_A_1943_1_CC.png
3
480.3545837402344 645.0006713867188 49.153778076171875 48.07257080078125 0.19204771518707275
484.8858947753906 649.1664428710938 41.135894775390625 42.86846923828125 0.5968304872512817
434.7394104003906 306.4987487792969 70.79299926757812 69.5108642578125 0.10669270157814026
benign_A_1396_1_MLO.png
3
325.0447692871094 478.3377990722656 72.06298828125 84.27151489257812 0.05065003037452698
323.6763000488281 475.9512634277344 74.43927001953125 84.62149047851562 0.9562773108482361
395.1542663574219 715.5540161132812 61.3541259765625 64.62921142578125 0.25377702713012695
benign_A_1858_1_CC.png
2
415.1553039550781 388.3611755371094 52.31719970703125 74.75711059570312 0.16748833656311035
417.29046630859375 390.6598815917969 47.1224365234375 68.03610229492188 0.39749279618263245
benign_D_4018_1_CC.png
3
164.18069458007812 601.45361328125 92.17791748046875 101.4305419921875 0.6916906833648682
102.56490325927734 256.00225830078125 125.74527740478516 116.24234008789062 0.44434720277786255
94.1600341796875 255.59884643554688 138.68487548828125 120.26254272460938 0.08086318522691727
cancer_B_3075_1_MLO.png
1
106.20249938964844 525.0606079101562 125.07121276855469 165.03778076171875 0.9932884573936462
benign_A_1414_1_CC.png
4
502.30084228515625 970.6954345703125 70.81243896484375 81.8533935546875 0.22395002841949463
331.3794250488281 540.1439819335938 95.80853271484375 129.8553466796875 0.9718960523605347
505.488525390625 975.58203125 63.282958984375 69.3162841796875 0.7996513247489929
548.2960815429688 292.1121826171875 128.28326416015625 121.40658569335938 0.4800325930118561
cancer_A_1211_1_CC.png
5
333.0086975097656 563.0254516601562 54.562286376953125 57.72998046875 0.1128208115696907
365.5516052246094 514.6111450195312 38.70745849609375 43.489990234375 0.10258212685585022
378.54144287109375 294.4320983886719 59.43377685546875 50.62994384765625 0.9876031279563904
365.4846496582031 514.8988037109375 39.5048828125 44.15704345703125 0.39982742071151733
333.4374084472656 561.7262573242188 54.263580322265625 60.309814453125 0.18414422869682312
cancer_C_0191_1_MLO.png
2
87.9718246459961 310.88482666015625 89.1963119506836 109.2301025390625 0.9841184616088867
301.61981201171875 443.1281433105469 64.97744750976562 79.50381469726562 0.6197142601013184
cancer_B_3379_1_MLO.png
2
118.080078125 516.9910888671875 55.18626403808594 67.70556640625 0.8227729797363281
127.6078872680664 528.7449951171875 38.022911071777344 45.021728515625 0.3702084422111511
cancer_A_1164_1_MLO.png
4
645.3161010742188 587.6083374023438 39.103271484375 44.83685302734375 0.13890130817890167
381.71527099609375 689.4637451171875 52.96319580078125 51.0157470703125 0.052133262157440186
381.05096435546875 687.8222045898438 60.794952392578125 53.535888671875 0.9169637560844421
644.0194091796875 586.2452392578125 47.5718994140625 47.21685791015625 0.9137135744094849
benign_A_1784_1_CC.png
2
387.93634033203125 681.09619140625 45.739288330078125 56.225341796875 0.6240049004554749
389.0041809082031 685.2640380859375 46.602142333984375 49.1243896484375 0.4744110405445099
benign_A_1396_1_CC.png
4
321.00469970703125 412.95751953125 78.56976318359375 99.535400390625 0.7584681510925293
316.9165344238281 413.1883239746094 94.64260864257812 94.63787841796875 0.21476684510707855
332.8461608886719 507.08251953125 48.1864013671875 50.368408203125 0.17329077422618866
460.0196533203125 238.67465209960938 64.89990234375 52.28216552734375 0.14965765178203583
benign_B_3156_1_MLO.png
2
243.0240478515625 389.7716369628906 79.51541137695312 108.90716552734375 0.5789851546287537
254.7711181640625 397.8786315917969 57.654815673828125 83.13479614257812 0.6123474836349487
cancer_C_0092_1_CC.png
3
21.549501419067383 375.1383056640625 81.30055046081543 73.43948364257812 0.05591267719864845
7.976646423339844 354.0666809082031 74.59733581542969 103.8387451171875 0.6977739930152893
0.0 226.1237335205078 39.488067626953125 71.43394470214844 0.2522467076778412
benign_C_0273_1_MLO.png
1
242.0365753173828 631.125732421875 134.00062561035156 143.68536376953125 0.9970250725746155
benign_C_0273_1_CC.png
1
134.02821350097656 545.7742919921875 226.54612731933594 235.33990478515625 0.9987900853157043
cancer_C_0019_1_CC.png
1
99.50495147705078 169.9619903564453 325.2698287963867 350.85813903808594 0.9970381259918213
benign_C_0378_1_CC.png
0
cancer_A_1237_1_CC.png
2
361.7444152832031 276.2160339355469 142.15426635742188 159.4561767578125 0.4178004264831543
334.28253173828125 254.21083068847656 195.7218017578125 206.83998107910156 0.9264636635780334
cancer_B_3503_1_CC.png
1
100.27230072021484 589.8674926757812 64.47614288330078 80.02252197265625 0.9967336654663086
cancer_B_3062_1_MLO.png
3
31.303020477294922 309.425048828125 36.996395111083984 40.6561279296875 0.052434395998716354
29.728132247924805 310.286376953125 40.74478340148926 39.593963623046875 0.9658085107803345
126.94410705566406 0.0 34.623931884765625 14.859675407409668 0.20563434064388275
cancer_C_0108_1_CC.png
2
0.0 209.27378845214844 194.3716583251953 204.29640197753906 0.9959698915481567
8.333108901977539 603.3363037109375 42.19666862487793 44.99102783203125 0.21450839936733246
cancer_A_1010_1_MLO.png
0
benign_A_1771_1_CC.png
2
333.5145568847656 759.1161499023438 92.64263916015625 102.664306640625 0.35787078738212585
337.0460510253906 766.1243896484375 88.11001586914062 87.1968994140625 0.25850072503089905
cancer_A_1147_1_MLO.png
3
407.49456787109375 709.5970458984375 94.92300415039062 89.3514404296875 0.152388334274292
423.7686462402344 712.384521484375 72.14938354492188 78.26739501953125 0.5322699546813965
555.973388671875 769.2288208007812 82.18902587890625 103.64111328125 0.05450686439871788
cancer_C_0159_1_MLO.png
1
246.49639892578125 514.9188232421875 232.36843872070312 391.77313232421875 0.3831983208656311
benign_B_3362_1_CC.png
0
cancer_D_4108_1_MLO.png
4
202.7821807861328 680.9954223632812 109.63978576660156 106.63531494140625 0.9160336256027222
9.310333251953125 607.6652221679688 83.86187744140625 96.4232177734375 0.1820855587720871
13.937865257263184 615.2442626953125 76.73596286773682 83.51812744140625 0.8351613879203796
216.22982788085938 686.3357543945312 77.14111328125 82.7952880859375 0.14876940846443176
cancer_A_1164_1_CC.png
2
589.3756713867188 420.6667785644531 53.0072021484375 55.953399658203125 0.4356270134449005
592.6184692382812 422.7403564453125 47.808837890625 52.446990966796875 0.1857731193304062
benign_A_1709_1_CC.png
0
cancer_A_1093_1_MLO.png
1
186.2444610595703 580.5823364257812 59.3941650390625 63.71124267578125 0.9838448166847229
benign_B_3186_1_MLO.png
2
132.31539916992188 572.553466796875 90.53744506835938 85.25115966796875 0.9156378507614136
142.72848510742188 584.7987670898438 65.65473937988281 53.89556884765625 0.106287382543087
benign_A_1777_1_MLO.png
3
334.7034912109375 837.6474609375 50.731597900390625 58.71844482421875 0.050328876823186874
467.7412414550781 528.4275512695312 65.12277221679688 58.49261474609375 0.9503470659255981
335.6849670410156 838.2570190429688 51.86187744140625 57.3306884765625 0.6350703239440918
cancer_A_1127_1_CC.png
1
310.3489990234375 442.89019775390625 140.22714233398438 140.13360595703125 0.7192111015319824
cancer_A_1520_1_CC.png
4
313.8492736816406 496.2654724121094 107.29354858398438 151.43502807617188 0.4322630763053894
476.6471252441406 311.8905334472656 50.447296142578125 68.05706787109375 0.9950356483459473
314.3918151855469 497.86968994140625 107.04110717773438 150.23211669921875 0.18824586272239685
348.07281494140625 636.6890869140625 43.67901611328125 50.5855712890625 0.09459074586629868
cancer_B_3068_1_MLO.png
5
239.827392578125 496.5647888183594 126.0125732421875 131.84719848632812 0.08474195003509521
270.5652160644531 429.87359619140625 41.876251220703125 38.322296142578125 0.06134675443172455
217.76138305664062 488.0950012207031 161.55355834960938 148.68807983398438 0.942122220993042
411.3802795410156 551.9972534179688 50.972503662109375 83.23974609375 0.935280442237854
269.8414611816406 429.038330078125 43.879150390625 40.512237548828125 0.17582611739635468
benign_A_1799_1_MLO.png
1
303.6666564941406 501.0061340332031 61.1517333984375 58.255035400390625 0.3287515938282013
benign_A_1566_1_MLO.png
2
333.31878662109375 808.77734375 192.27105712890625 199.0535888671875 0.8873634934425354
339.7902526855469 823.1654052734375 185.54568481445312 176.568115234375 0.6160598993301392
cancer_A_1009_1_MLO.png
0
cancer_C_0101_1_MLO.png
0
cancer_C_0114_1_MLO.png
2
155.2370147705078 339.1896057128906 33.78599548339844 36.221771240234375 0.7425782084465027
155.74876403808594 340.46685791015625 32.77885437011719 34.221893310546875 0.11626606434583664
cancer_D_4108_1_CC.png
2
20.436445236206055 550.6436767578125 68.82004737854004 65.93951416015625 0.07551156729459763
14.57194995880127 530.03662109375 87.98273754119873 100.8343505859375 0.9233831167221069
cancer_A_1080_1_MLO.png
2
414.43951416015625 683.7955322265625 122.35382080078125 116.39996337890625 0.5597419142723083
412.18359375 687.1596069335938 122.95880126953125 110.77398681640625 0.510118842124939
benign_D_4029_1_MLO.png
3
275.9679260253906 344.4935607910156 35.575408935546875 50.068939208984375 0.8648433089256287
49.1497917175293 851.4061889648438 40.26457595825195 40.55975341796875 0.08885838091373444
316.03271484375 433.524658203125 45.483367919921875 63.04412841796875 0.08321856707334518
benign_A_1886_1_CC.png
3
468.7467041015625 324.0421142578125 93.5823974609375 132.37261962890625 0.36317890882492065
469.2947082519531 316.843505859375 95.59652709960938 135.22018432617188 0.651189923286438
378.2559814453125 420.3999938964844 87.86111450195312 121.73355102539062 0.07615430653095245
benign_C_0478_1_MLO.png
1
273.6374206542969 721.890380859375 141.40444946289062 154.267822265625 0.9864185452461243
cancer_B_3413_1_MLO.png
7
186.1137237548828 654.3541259765625 50.946136474609375 39.19903564453125 0.34022489190101624
35.242271423339844 463.46746826171875 80.68556213378906 86.58599853515625 0.25006991624832153
182.49522399902344 530.8687744140625 48.460540771484375 58.3060302734375 0.058790646493434906
29.499797821044922 463.15179443359375 90.97613906860352 88.6295166015625 0.8750361800193787
239.19302368164062 575.4878540039062 71.2852783203125 73.24017333984375 0.7793137431144714
185.0856170654297 535.9527587890625 49.290374755859375 51.44866943359375 0.7074716687202454
189.22935485839844 650.0177612304688 48.67555236816406 50.322509765625 0.3894520103931427
cancer_B_3441_1_CC.png
1
115.77588653564453 517.0909423828125 63.70177459716797 94.317626953125 0.0632396712899208
cancer_C_0164_1_MLO.png
4
429.1800231933594 869.8180541992188 145.03060913085938 161.02105712890625 0.8999963998794556
268.1148376464844 560.4156494140625 53.335418701171875 61.62115478515625 0.15751981735229492
270.7535095214844 559.4977416992188 53.657684326171875 65.1363525390625 0.9441686272621155
451.45074462890625 899.009765625 114.24005126953125 103.68359375 0.25198298692703247
benign_C_0245_1_MLO.png
3
126.73047637939453 399.4798583984375 98.5739517211914 100.94607543945312 0.9899153709411621
223.08445739746094 519.4780883789062 85.97230529785156 99.73736572265625 0.06389690935611725
231.07958984375 522.280029296875 73.58541870117188 95.77362060546875 0.8446041941642761
benign_C_0507_1_MLO.png
3
49.72213363647461 476.458984375 68.65719985961914 77.68450927734375 0.13189753890037537
67.57238006591797 486.80963134765625 45.177978515625 53.9481201171875 0.8595355749130249
159.35757446289062 417.4388732910156 79.00483703613281 104.20071411132812 0.2556467354297638
cancer_D_4056_1_MLO.png
2
37.271400451660156 813.78466796875 156.18614959716797 128.35162353515625 0.960739016532898
176.55152893066406 589.7604370117188 74.35455322265625 67.52545166015625 0.10503698140382767
benign_A_1500_1_MLO.png
2
576.5400390625 623.1846923828125 55.689453125 53.3177490234375 0.05932377278804779
579.1441040039062 618.0521850585938 60.3636474609375 63.0015869140625 0.9789671301841736
cancer_B_3398_1_CC.png
3
252.82237243652344 292.78619384765625 71.63212585449219 65.2296142578125 0.7856658697128296
241.7729034423828 278.483154296875 89.07569885253906 84.72579956054688 0.5439175963401794
251.2338104248047 400.4372863769531 54.32810974121094 60.14691162109375 0.06470458954572678
cancer_A_1520_1_MLO.png
1
247.1743621826172 629.158935546875 80.11439514160156 104.00360107421875 0.9564659595489502
benign_A_1801_1_CC.png
2
333.8659973144531 792.8351440429688 149.29165649414062 158.36236572265625 0.7424427270889282
317.9917297363281 782.6412353515625 184.697998046875 174.32818603515625 0.30959245562553406
benign_C_0279_1_CC.png
0
benign_A_1767_1_CC.png
0
cancer_A_1589_1_MLO.png
2
443.3821716308594 646.7818603515625 62.19952392578125 64.65008544921875 0.28260910511016846
433.7982177734375 387.9405822753906 66.41754150390625 75.279052734375 0.06222667917609215
cancer_B_3068_1_CC.png
2
104.54621887207031 279.381103515625 85.42529296875 102.07150268554688 0.12616963684558868
100.81231689453125 273.7023620605469 96.49308776855469 110.37997436523438 0.863977313041687
benign_C_0235_1_MLO.png
2
170.5947723388672 588.361083984375 225.34425354003906 179.327880859375 0.9458926320075989
173.57781982421875 487.4273986816406 143.54483032226562 112.99234008789062 0.9063860177993774
benign_D_4039_1_CC.png
2
307.34503173828125 364.5541687011719 60.53839111328125 65.39962768554688 0.19317127764225006
304.5279846191406 352.7855224609375 69.7430419921875 91.39669799804688 0.7955338954925537
benign_D_4062_1_CC.png
2
6.9032464027404785 278.5101013183594 68.77221441268921 93.42816162109375 0.8853558897972107
207.87908935546875 356.4585876464844 61.00750732421875 67.37619018554688 0.09915749728679657
benign_A_1266_1_MLO.png
2
601.2560424804688 603.671630859375 96.06268310546875 96.2166748046875 0.31442925333976746
602.1182861328125 605.929931640625 95.1697998046875 91.969482421875 0.8716905117034912
benign_A_1454_1_MLO.png
0
cancer_C_0104_1_MLO.png
6
137.45901489257812 391.54473876953125 61.3807373046875 58.96087646484375 0.12575317919254303
20.04201316833496 635.910400390625 46.534257888793945 44.2998046875 0.07099275290966034
19.85653305053711 538.33984375 46.02108383178711 51.1322021484375 0.06928320229053497
140.5702667236328 383.75164794921875 63.8707275390625 68.19485473632812 0.8432843089103699
19.499065399169922 635.2772216796875 48.31215286254883 44.97314453125 0.12274094671010971
20.555503845214844 537.8978881835938 46.520652770996094 51.052001953125 0.09220480173826218
benign_D_4086_1_MLO.png
2
416.4456787109375 365.6153869628906 107.7340087890625 101.61434936523438 0.6149938702583313
408.53582763671875 351.3846435546875 120.952880859375 121.40179443359375 0.24500718712806702
benign_C_0245_1_CC.png
1
58.772613525390625 277.2006530761719 59.282997131347656 58.37518310546875 0.9633287787437439
cancer_C_0204_1_MLO.png
2
350.5693664550781 599.2117919921875 188.72640991210938 173.55828857421875 0.9172831773757935
279.3183288574219 928.0133056640625 113.2298583984375 106.021484375 0.6205821633338928
benign_C_0305_1_MLO.png
1
195.89453125 595.24072265625 146.61929321289062 139.61004638671875 0.9867580533027649
benign_B_3362_1_MLO.png
0
benign_B_3356_1_CC.png
2
200.2909393310547 512.8840942382812 56.42127990722656 70.4306640625 0.8200701475143433
208.635986328125 525.445556640625 39.36328125 44.6365966796875 0.33016228675842285
cancer_B_3373_1_CC.png
4
243.93959045410156 591.9977416992188 56.74604797363281 74.89605712890625 0.35780447721481323
237.19113159179688 583.5609130859375 71.10699462890625 92.5045166015625 0.7519968748092651
41.787437438964844 355.2795104980469 58.19923400878906 60.52667236328125 0.6359729766845703
438.6803894042969 467.1083984375 55.490570068359375 63.98944091796875 0.1724209040403366
benign_A_1982_1_CC.png
2
306.80694580078125 438.786376953125 68.60675048828125 67.15899658203125 0.8686496615409851
354.306640625 224.3456268310547 77.78732299804688 105.97431945800781 0.188797727227211
cancer_A_1558_1_CC.png
0
cancer_B_3067_1_CC.png
4
73.27092742919922 234.20606994628906 44.91651916503906 43.55857849121094 0.12830092012882233
281.2040100097656 557.3223266601562 51.193359375 64.04949951171875 0.11563550680875778
282.67816162109375 556.5167236328125 49.88287353515625 62.5931396484375 0.2373526394367218
410.5998840332031 462.6132507324219 67.99078369140625 112.92587280273438 0.09052419662475586
benign_A_1761_1_MLO.png
0
cancer_C_0164_1_CC.png
1
249.42190551757812 336.66131591796875 63.1748046875 69.64614868164062 0.9925026893615723
cancer_A_1524_1_CC.png
0
cancer_C_0195_1_CC.png
2
4.205408096313477 255.20050048828125 109.41473197937012 112.34527587890625 0.9955602884292603
2.768669843673706 365.3505554199219 47.19295048713684 51.337158203125 0.053978487849235535
benign_C_0402_1_CC.png
2
241.3576202392578 289.50140380859375 56.22740173339844 53.538665771484375 0.27717599272727966
238.5869140625 286.19256591796875 62.792724609375 59.506256103515625 0.2696775794029236
benign_C_0387_1_CC.png
2
144.40115356445312 469.14727783203125 95.23912048339844 81.42352294921875 0.6599710583686829
153.8350372314453 479.7743835449219 78.29541015625 59.665557861328125 0.39640331268310547
benign_D_4027_1_MLO.png
0
cancer_C_0208_1_MLO.png
4
70.29869079589844 532.365234375 32.98375701904297 34.90625 0.6735798120498657
305.0396728515625 279.8127136230469 89.939208984375 124.1474609375 0.9916481971740723
381.65985107421875 470.8750305175781 76.20355224609375 71.21444702148438 0.9639396667480469
72.07424926757812 534.7698364257812 31.197914123535156 29.85296630859375 0.22905264794826508
benign_A_1715_1_MLO.png
1
343.59039306640625 749.1416015625 57.421142578125 62.93011474609375 0.10686635971069336
benign_A_1801_1_MLO.png
1
524.909912109375 1001.5053100585938 133.935791015625 128.90411376953125 0.9947842955589294
cancer_B_3085_1_MLO.png
1
40.6561164855957 574.3682250976562 90.46859359741211 71.66131591796875 0.5404325723648071
cancer_C_0070_1_MLO.png
2
147.0442657470703 622.605224609375 72.70901489257812 60.20220947265625 0.12764836847782135
148.39549255371094 619.493896484375 72.80885314941406 63.2188720703125 0.22018861770629883
cancer_A_1060_1_MLO.png
1
269.0763244628906 1037.698974609375 71.5634765625 78.573974609375 0.993412435054779
benign_C_0324_1_CC.png
5
4.274712562561035 462.4721984863281 126.42294979095459 115.84970092773438 0.13564249873161316
9.444942474365234 255.17562866210938 63.068904876708984 79.2076416015625 0.07390939444303513
0.2544644773006439 430.8205261230469 154.67627587914467 174.42849731445312 0.988853931427002
4.664467811584473 246.56715393066406 72.47409725189209 94.84873962402344 0.9674947261810303
112.2748031616211 408.06121826171875 65.2313003540039 81.583984375 0.10915592312812805
cancer_A_1772_1_CC.png
0
cancer_C_0226_1_MLO.png
3
51.15869903564453 584.3030395507812 81.41472625732422 89.2681884765625 0.986410915851593
215.99124145507812 393.3929443359375 112.77423095703125 102.96609497070312 0.08181683719158173
155.4281768798828 568.2969970703125 51.32884216308594 64.7354736328125 0.05055677145719528
benign_A_1177_1_CC.png
1
495.68682861328125 292.2778625488281 64.157958984375 66.85110473632812 0.275947630405426
benign_A_1323_1_CC.png
1
390.8551330566406 429.0660095214844 50.38848876953125 72.00082397460938 0.304537296295166
cancer_C_0181_1_CC.png
3
289.8305358886719 461.648193359375 71.86859130859375 89.81085205078125 0.47317221760749817
38.888954162597656 561.4743041992188 148.08196258544922 161.31903076171875 0.9962677359580994
302.8049011230469 478.2083435058594 49.99932861328125 59.170684814453125 0.702303409576416
benign_C_0274_1_CC.png
1
31.50965690612793 409.3734130859375 92.41385078430176 120.05499267578125 0.9810298681259155
benign_A_1781_1_CC.png
0
benign_A_1423_1_MLO.png
2
272.2304992675781 697.7593994140625 98.62982177734375 110.76177978515625 0.6186398863792419
297.3760681152344 728.1334838867188 45.09423828125 52.0850830078125 0.4150453209877014
cancer_C_0092_1_MLO.png
2
113.35722351074219 328.05926513671875 87.73771667480469 121.12548828125 0.07793591171503067
111.80125427246094 326.3199768066406 95.83204650878906 136.156005859375 0.5714128613471985
benign_A_1710_1_CC.png
3
261.2785949707031 484.6380310058594 122.99783325195312 143.02645874023438 0.13221260905265808
490.2317199707031 624.853759765625 69.99600219726562 59.46697998046875 0.06280060112476349
254.42608642578125 480.16546630859375 138.42221069335938 145.043701171875 0.8595401048660278
cancer_A_1467_1_MLO.png
4
340.6836242675781 506.8597412109375 159.23196411132812 185.64056396484375 0.6119744777679443
329.2181091308594 762.8553466796875 57.84515380859375 62.171142578125 0.07727714627981186
330.632568359375 765.027587890625 56.247650146484375 58.84442138671875 0.8341212272644043
317.701171875 488.9029541015625 203.23870849609375 204.729248046875 0.4942488968372345
benign_A_1880_1_MLO.png
2
372.4247131347656 522.3694458007812 60.746856689453125 78.52362060546875 0.5272789001464844
353.79888916015625 502.4181213378906 92.50625610351562 113.08157348632812 0.7157564163208008
cancer_A_1212_1_MLO.png
3
169.38412475585938 520.8368530273438 174.41464233398438 229.66668701171875 0.9833860993385315
169.3578643798828 530.9299926757812 174.2697296142578 196.9488525390625 0.5663349032402039
336.29840087890625 681.1310424804688 56.7103271484375 115.65338134765625 0.12689419090747833
cancer_C_0180_1_MLO.png
2
125.63819122314453 544.7388305664062 92.93286895751953 106.26470947265625 0.536242663860321
139.7971649169922 561.2067260742188 72.54765319824219 78.26483154296875 0.05492796003818512
cancer_B_3061_1_CC.png
2
24.862308502197266 197.48606872558594 192.62462997436523 153.28382873535156 0.5648217797279358
224.8358154296875 444.1187744140625 56.432861328125 64.15240478515625 0.1364329308271408
cancer_B_3083_1_MLO.png
4
339.6338806152344 764.452880859375 40.6982421875 51.07952880859375 0.8507178425788879
125.3128662109375 456.4787902832031 41.54188537597656 37.84478759765625 0.12012996524572372
342.4076232910156 775.8660278320312 35.172821044921875 31.251220703125 0.2505142092704773
126.11253356933594 455.95172119140625 40.92558288574219 37.846649169921875 0.21987318992614746
cancer_A_1243_1_MLO.png
2
338.7021484375 698.5936279296875 150.78970336914062 141.7696533203125 0.15773901343345642
363.9698791503906 720.1115112304688 109.55926513671875 98.44805908203125 0.9235166907310486
cancer_A_1539_1_MLO.png
2
417.65313720703125 1056.388671875 47.7789306640625 50.4739990234375 0.6543594002723694
489.9646911621094 437.1186828613281 84.55233764648438 77.32388305664062 0.3970630168914795
benign_D_4072_1_MLO.png
0
benign_A_1599_1_CC.png
3
171.8324432373047 549.1914672851562 111.22560119628906 157.5555419921875 0.9137941002845764
353.68975830078125 582.8922119140625 76.29794311523438 83.59942626953125 0.9294346570968628
189.7015838623047 561.3756713867188 88.23823547363281 132.01287841796875 0.07569009810686111
benign_A_1599_1_MLO.png
1
206.87527465820312 582.1941528320312 87.31768798828125 108.70233154296875 0.9205036759376526
cancer_C_0208_1_CC.png
2
29.688791275024414 290.2058410644531 86.93372917175293 92.5235595703125 0.9928405284881592
391.10784912109375 411.4368591308594 76.42578125 96.68911743164062 0.7436709403991699
benign_A_1858_1_MLO.png
1
432.7393493652344 461.52764892578125 53.71197509765625 64.27716064453125 0.11091435700654984
benign_A_1811_1_MLO.png
2
438.30596923828125 686.9732666015625 48.803192138671875 51.2244873046875 0.13413484394550323
439.3902587890625 688.2953491210938 48.069732666015625 49.03802490234375 0.12478642165660858
benign_C_0312_1_CC.png
3
363.7296447753906 418.0957946777344 53.77801513671875 50.700714111328125 0.9435983300209045
316.8539733886719 843.2035522460938 109.15576171875 96.81072998046875 0.3011798560619354
360.8562927246094 418.9569396972656 59.716033935546875 51.05718994140625 0.06530782580375671
cancer_D_4049_1_MLO.png
3
409.2349548339844 714.8946533203125 88.81536865234375 110.61273193359375 0.9451401233673096
211.6471710205078 358.78228759765625 100.18806457519531 104.57473754882812 0.9753039479255676
1.7798640727996826 0.0 47.05070614814758 97.824462890625 0.08284779638051987
cancer_D_4125_1_CC.png
2
77.68085479736328 352.2578125 40.69451141357422 44.940521240234375 0.9704880714416504
15.491203308105469 243.7174835205078 49.75849914550781 83.40663146972656 0.060116805136203766
cancer_A_1139_1_MLO.png
2
406.3492736816406 776.7858276367188 90.1007080078125 78.36883544921875 0.07755649089813232
419.515380859375 790.8229370117188 67.6378173828125 51.14569091796875 0.29419776797294617
benign_C_0317_1_CC.png
2
410.6219787597656 469.1352844238281 41.927581787109375 42.832427978515625 0.4584096074104309
411.973388671875 469.8043212890625 37.637298583984375 39.2613525390625 0.25372785329818726
benign_B_3154_1_CC.png
1
343.30560302734375 714.3057861328125 45.477447509765625 57.562255859375 0.9142714738845825
cancer_C_0004_1_MLO.png
1
45.50843811035156 205.8712158203125 175.5780029296875 200.87271118164062 0.991319477558136
cancer_A_1772_1_MLO.png
3
511.3605651855469 766.1834716796875 46.169403076171875 40.26971435546875 0.47885948419570923
512.1044311523438 767.444580078125 52.61126708984375 42.77703857421875 0.6433289647102356
271.54510498046875 740.2973022460938 57.230712890625 63.13726806640625 0.08684240281581879
cancer_A_1589_1_CC.png
2
240.63619995117188 850.500244140625 83.37850952148438 78.15814208984375 0.07456070929765701
507.49835205078125 317.916015625 62.28729248046875 60.798370361328125 0.9410960078239441
cancer_A_1139_1_CC.png
2
454.486328125 498.3965148925781 121.77117919921875 114.54324340820312 0.956691324710846
479.49200439453125 530.8775634765625 75.9886474609375 53.67291259765625 0.058855459094047546
cancer_B_3441_1_MLO.png
3
58.22990036010742 342.2608337402344 140.47108840942383 155.23971557617188 0.05801381543278694
71.75699615478516 333.498291015625 123.48937225341797 157.80499267578125 0.4376751482486725
122.86347961425781 294.4857482910156 63.96592712402344 66.09552001953125 0.06967103481292725
benign_D_4018_1_MLO.png
4
192.67799377441406 486.4773864746094 117.68421936035156 117.32028198242188 0.16986222565174103
34.91426467895508 204.0259246826172 67.34685134887695 63.14085388183594 0.15782365202903748
153.7308349609375 466.75982666015625 189.09274291992188 141.28460693359375 0.937366783618927
33.223243713378906 199.8715362548828 71.61566162109375 64.22526550292969 0.4380877614021301
cancer_B_3061_1_MLO.png
2
93.18065643310547 337.6231994628906 121.06627655029297 134.68896484375 0.059279244393110275
86.74970245361328 323.1430969238281 133.97930145263672 158.23043823242188 0.9406845569610596
cancer_C_0174_1_CC.png
6
33.04185485839844 720.9788818359375 33.996734619140625 33.2442626953125 0.7926395535469055
318.860595703125 586.5601806640625 70.4591064453125 89.62066650390625 0.21352729201316833
238.24893188476562 770.2379150390625 60.842132568359375 64.28240966796875 0.19560840725898743
238.35903930664062 771.3192138671875 61.26458740234375 63.447998046875 0.8840208053588867
323.7828369140625 589.1658935546875 63.706756591796875 82.55938720703125 0.751407265663147
31.740718841552734 721.9784545898438 37.08291244506836 33.71368408203125 0.18809528648853302
benign_D_4037_1_CC.png
3
16.9912052154541 177.89089965820312 124.00865745544434 127.42779541015625 0.9684327244758606
111.11018371582031 437.2143859863281 36.85697937011719 50.99395751953125 0.15593087673187256
112.11598205566406 439.0642395019531 36.16304016113281 47.6751708984375 0.24570903182029724
benign_C_0282_1_CC.png
1
3.6265580654144287 222.65487670898438 152.91259598731995 171.86456298828125 0.1676301509141922
cancer_B_3087_1_CC.png
2
237.44088745117188 680.6591186523438 70.80026245117188 78.75347900390625 0.06527875363826752
437.5152587890625 469.83270263671875 67.39944458007812 77.81451416015625 0.30590033531188965
benign_B_3151_1_MLO.png
2
81.31285095214844 468.9652099609375 68.13510131835938 105.1236572265625 0.06370480358600616
152.91854858398438 426.051025390625 86.18698120117188 84.89785766601562 0.05186288431286812
cancer_D_4101_1_MLO.png
5
327.4024658203125 643.8993530273438 68.52474975585938 85.6600341796875 0.2258482575416565
138.07684326171875 791.4326171875 44.81510925292969 64.42864990234375 0.06559140235185623
326.7951965332031 643.1441650390625 66.70672607421875 80.89141845703125 0.8493318557739258
140.5706787109375 797.259765625 42.05812072753906 51.1898193359375 0.8313230872154236
192.8104705810547 696.556396484375 76.43916320800781 94.7987060546875 0.5878750085830688
cancer_A_1539_1_CC.png
2
358.21722412109375 970.6135864257812 49.39727783203125 41.24163818359375 0.6551847457885742
349.4012145996094 964.7937622070312 66.7294921875 55.876220703125 0.4469388723373413
cancer_A_1102_1_CC.png
1
237.6849365234375 450.99554443359375 44.15228271484375 55.38836669921875 0.9722607135772705
benign_A_1765_1_CC.png
1
433.9471435546875 328.1634521484375 105.6279296875 93.79986572265625 0.985483705997467
benign_A_1266_1_CC.png
4
487.8471984863281 424.927001953125 134.59872436523438 111.8792724609375 0.9644365906715393
411.30462646484375 645.5125122070312 46.786224365234375 52.42266845703125 0.37147241830825806
411.4323425292969 648.3341064453125 50.184112548828125 51.3037109375 0.6968661546707153
504.14532470703125 447.83062744140625 100.541015625 71.1575927734375 0.0802292600274086
benign_A_1518_1_MLO.png
2
326.9281005859375 898.1790771484375 95.19253540039062 130.3514404296875 0.8914764523506165
339.67401123046875 920.514404296875 72.96835327148438 80.50909423828125 0.08643808960914612
cancer_A_1089_1_CC.png
2
233.66253662109375 561.6319580078125 78.70059204101562 94.37823486328125 0.3991672694683075
238.95614624023438 568.7432861328125 69.32098388671875 77.51287841796875 0.2627190053462982
cancer_B_3375_1_MLO.png
3
76.3210220336914 695.3449096679688 105.26412200927734 87.818359375 0.14660246670246124
238.3236846923828 479.8040466308594 92.31031799316406 142.32827758789062 0.9853209853172302
67.57698059082031 680.7149047851562 117.68135070800781 110.7916259765625 0.9019491672515869
benign_D_4094_1_MLO.png
1
356.1054992675781 503.0766296386719 84.12255859375 80.11050415039062 0.09355553984642029
benign_C_0378_1_MLO.png
0
cancer_B_3075_1_CC.png
2
64.38953399658203 279.82965087890625 165.91179656982422 211.52703857421875 0.9304381608963013
105.44361114501953 618.1629638671875 87.62969207763672 112.11962890625 0.05023951455950737
benign_A_1884_1_CC.png
3
276.031005859375 326.2701721191406 68.36996459960938 57.662139892578125 0.4837627708911896
261.1360168457031 303.6750183105469 99.24826049804688 103.21829223632812 0.816878616809845
496.6277160644531 210.1504364013672 39.676666259765625 59.30683898925781 0.27410268783569336
benign_A_1982_1_MLO.png
2
280.7115783691406 464.5387878417969 66.87115478515625 64.96743774414062 0.09201933443546295
231.60269165039062 409.94317626953125 116.69735717773438 117.1617431640625 0.27638518810272217
cancer_B_3027_1_CC.png
5
248.3737030029297 429.60272216796875 58.67628479003906 64.02615356445312 0.05168340727686882
250.05152893066406 430.5240173339844 57.72193908691406 60.39007568359375 0.7219994068145752
271.2203674316406 517.509765625 81.12277221679688 79.91937255859375 0.3426283299922943
207.31332397460938 258.9792785644531 58.946258544921875 64.9666748046875 0.3425830006599426
202.70968627929688 180.91470336914062 58.346343994140625 61.76689147949219 0.22152946889400482
cancer_C_0083_1_CC.png
0
cancer_C_0174_1_MLO.png
2
281.39166259765625 837.0800170898438 54.206817626953125 68.48529052734375 0.9859659075737
118.4088134765625 817.532958984375 96.54139709472656 108.85888671875 0.9850363731384277
benign_D_4062_1_MLO.png
1
21.751737594604492 790.8389892578125 43.941850662231445 47.1380615234375 0.6081214547157288
benign_C_0393_1_MLO.png
4
2.441225528717041 600.2576293945312 39.844449520111084 59.61846923828125 0.17613919079303741
3.7237231731414795 602.9540405273438 39.31742596626282 53.97821044921875 0.5846548676490784
131.6652069091797 280.3948669433594 75.59596252441406 94.14837646484375 0.5170155763626099
48.3686637878418 320.30023193359375 46.24274826049805 57.562225341796875 0.0539221465587616
benign_A_1880_1_CC.png
3
366.8937683105469 305.3854675292969 43.38623046875 43.639801025390625 0.6385440230369568
214.45021057128906 596.7298583984375 82.69474792480469 96.88446044921875 0.9678229093551636
366.7583312988281 305.62261962890625 43.847137451171875 44.428253173828125 0.4986048638820648
benign_C_0286_1_CC.png
4
288.8062438964844 441.6717224121094 61.9005126953125 85.26199340820312 0.5384842157363892
196.62742614746094 839.45068359375 52.16575622558594 45.15435791015625 0.1448521763086319
246.4064178466797 527.3048706054688 62.70863342285156 80.18890380859375 0.11117608845233917
202.59608459472656 843.7267456054688 42.33552551269531 36.04180908203125 0.12244373559951782
benign_A_1566_1_CC.png
2
433.6103820800781 431.0766906738281 130.92135620117188 125.14993286132812 0.5853726863861084
421.99664306640625 431.36065673828125 164.30645751953125 128.3638916015625 0.15493546426296234
benign_A_1264_1_MLO.png
0
cancer_C_0114_1_CC.png
4
53.026790618896484 397.8205871582031 32.89619827270508 35.480255126953125 0.6234269738197327
306.98284912109375 888.3310546875 41.738311767578125 43.58331298828125 0.330211877822876
311.5881652832031 891.16357421875 39.68756103515625 39.130126953125 0.8554943203926086
50.02580261230469 398.288818359375 38.27537536621094 35.352294921875 0.4478834271430969
cancer_A_1190_1_MLO.png
1
270.8576354980469 741.6890869140625 63.679229736328125 80.5689697265625 0.9320944547653198
cancer_B_3412_1_MLO.png
1
11.721303939819336 464.82916259765625 188.12905311584473 160.58331298828125 0.9947147965431213
benign_A_1323_1_MLO.png
4
339.58282470703125 561.2808837890625 94.84762573242188 98.19818115234375 0.15042854845523834
435.42498779296875 892.4672241210938 51.593841552734375 54.631103515625 0.05511605367064476
438.01141357421875 895.2982788085938 49.141021728515625 52.14105224609375 0.9503443837165833
338.8478698730469 561.7630004882812 97.1446533203125 97.32122802734375 0.7603079676628113
benign_A_1471_1_MLO.png
0
cancer_D_4125_1_MLO.png
6
136.15298461914062 829.8046264648438 48.311065673828125 48.177001953125 0.8756773471832275
210.4519500732422 866.1502075195312 41.84938049316406 49.51226806640625 0.6863700747489929
150.22677612304688 619.6902465820312 102.28068542480469 118.58038330078125 0.07452785968780518
121.1741943359375 370.8276672363281 49.274658203125 50.62530517578125 0.9882411360740662
150.67364501953125 616.187744140625 104.51466369628906 121.42529296875 0.29378974437713623
138.7111358642578 834.7849731445312 46.57997131347656 42.8736572265625 0.09458547085523605
cancer_D_4056_1_CC.png
3
313.2454833984375 368.9300842285156 80.94241333007812 89.148681640625 0.7090352177619934
155.72105407714844 190.49359130859375 65.73603820800781 66.76910400390625 0.6117839813232422
140.0480194091797 167.16343688964844 101.81947326660156 115.84761047363281 0.6951479911804199
cancer_C_0228_1_CC.png
1
259.2654724121094 372.4088439941406 52.624053955078125 59.580047607421875 0.33713990449905396
benign_D_4004_1_MLO.png
4
98.90451049804688 785.9417724609375 68.79046630859375 70.2882080078125 0.6073682904243469
101.81910705566406 336.4927673339844 47.63233947753906 46.26092529296875 0.10261809080839157
100.23554992675781 334.3155517578125 52.40184020996094 49.63958740234375 0.7922775745391846
112.13664245605469 788.32568359375 51.24638366699219 61.31976318359375 0.05081349238753319
benign_C_0305_1_CC.png
1
101.55367279052734 483.427490234375 187.10355377197266 209.4730224609375 0.9968517422676086
cancer_C_0034_1_CC.png
3
107.93932342529297 197.19381713867188 72.62870025634766 65.92324829101562 0.7278481125831604
96.64725494384766 189.74227905273438 95.27220916748047 78.15289306640625 0.916311502456665
304.5719909667969 347.3051452636719 54.62664794921875 72.76614379882812 0.0881839469075203
cancer_B_3508_1_CC.png
4
98.5871353149414 479.8110046386719 35.05510711669922 61.235321044921875 0.09635986387729645
43.30669403076172 201.69703674316406 78.28376007080078 109.20063781738281 0.9882394075393677
99.53239440917969 481.1492004394531 34.514190673828125 60.378631591796875 0.13462011516094208
238.28038024902344 359.87261962890625 49.74345397949219 58.876800537109375 0.10453540831804276
cancer_D_4172_1_CC.png
1
95.30770111083984 396.3468322753906 115.68241119384766 99.73681640625 0.970388650894165
benign_C_0312_1_MLO.png
4
246.742431640625 910.21240234375 98.22769165039062 104.271240234375 0.920818030834198
368.5332336425781 674.0668334960938 64.7110595703125 72.52392578125 0.37166160345077515
19.52848243713379 934.8887939453125 56.02688407897949 66.6104736328125 0.2373272329568863
377.1506652832031 686.3054809570312 54.166351318359375 48.99298095703125 0.09025852382183075
cancer_A_1402_1_MLO.png
0
benign_C_0388_1_CC.png
0
cancer_D_4172_1_MLO.png
0
benign_A_1842_1_CC.png
3
294.07666015625 519.693115234375 67.51300048828125 77.67041015625 0.287555068731308
385.7134094238281 862.67431640625 43.828826904296875 36.94110107421875 0.19260865449905396
389.77960205078125 865.6469116210938 37.15997314453125 31.8873291015625 0.9222599267959595
benign_A_1177_1_MLO.png
3
511.33160400390625 526.9896850585938 88.56591796875 83.43017578125 0.9132866263389587
523.1127319335938 541.1788940429688 71.7962646484375 55.83465576171875 0.16653694212436676
749.2804565429688 1030.948974609375 42.90142822265625 44.2186279296875 0.15834830701351166
cancer_C_0075_1_CC.png
1
17.730819702148438 254.0316619873047 149.05224609375 149.41127014160156 0.9958528280258179
cancer_D_4034_1_MLO.png
0
benign_B_3151_1_CC.png
1
32.43347930908203 467.90093994140625 46.83369445800781 60.9202880859375 0.2538660764694214
benign_A_1542_1_MLO.png
3
279.6294250488281 868.8762817382812 54.87841796875 40.43194580078125 0.9397481083869934
246.1768798828125 569.1333618164062 102.7154541015625 109.88623046875 0.19792497158050537
279.8963317871094 867.68505859375 59.063873291015625 39.4884033203125 0.055338047444820404
cancer_C_0205_1_MLO.png
1
450.97027587890625 1008.0413818359375 88.73614501953125 70.5408935546875 0.09569011628627777
cancer_C_0139_1_MLO.png
3
70.32703399658203 254.05157470703125 68.20238494873047 93.08953857421875 0.22857117652893066
4.762694358825684 728.9061889648438 45.00229740142822 89.17767333984375 0.4274470806121826
64.4273910522461 247.701416015625 85.51204681396484 93.04159545898438 0.1600525975227356
cancer_B_3069_1_MLO.png
1
149.17620849609375 479.79833984375 99.48721313476562 113.085693359375 0.5348337292671204
cancer_A_1127_1_MLO.png
0
benign_A_1886_1_MLO.png
2
412.89410400390625 705.38134765625 64.53338623046875 61.06207275390625 0.05885219946503639
409.7999572753906 693.8040771484375 78.25436401367188 80.9124755859375 0.1507439911365509
benign_D_4066_1_CC.png
2
91.20386505126953 361.9398193359375 62.217430114746094 79.18975830078125 0.24488362669944763
87.40692901611328 362.8756408691406 68.4218978881836 74.72732543945312 0.19996003806591034
benign_A_1812_1_CC.png
2
348.3468322753906 614.8598022460938 35.994842529296875 35.9287109375 0.1257789134979248
348.6299743652344 615.420654296875 36.481536865234375 36.27142333984375 0.05038483440876007
cancer_C_0083_1_MLO.png
7
494.5189514160156 683.57177734375 36.511505126953125 37.64208984375 0.8670508861541748
184.17568969726562 463.92852783203125 45.28631591796875 52.831787109375 0.5212852954864502
264.70599365234375 805.7564086914062 75.63140869140625 66.32122802734375 0.06802401691675186
186.0928955078125 463.3878173828125 48.81300354003906 60.354736328125 0.6952840685844421
267.1993103027344 805.3680419921875 72.76470947265625 65.82684326171875 0.2803725004196167
491.1658020019531 681.707763671875 40.388275146484375 44.09796142578125 0.15348103642463684
492.0793762207031 741.8976440429688 41.814422607421875 33.57806396484375 0.08460824191570282
cancer_A_1404_1_MLO.png
4
381.8791198730469 832.8986206054688 55.8050537109375 60.48248291015625 0.07599262148141861
306.7559509277344 686.9625854492188 180.51602172851562 164.9295654296875 0.9402936697006226
339.8877868652344 496.6956787109375 82.95205688476562 68.32958984375 0.5448244214057922
383.0318908691406 831.4536743164062 55.109466552734375 64.57135009765625 0.14120334386825562
cancer_C_0085_1_MLO.png
2
167.78700256347656 542.5066528320312 111.19181823730469 138.4183349609375 0.9667181968688965
211.05763244628906 492.8684387207031 63.42253112792969 54.520538330078125 0.07006585597991943
cancer_B_3508_1_MLO.png
1
91.2132797241211 394.965576171875 131.7373275756836 139.26116943359375 0.989829957485199
cancer_C_0210_1_CC.png
2
243.99359130859375 288.9752197265625 53.89422607421875 42.39117431640625 0.7929497361183167
242.69317626953125 285.0475158691406 58.02691650390625 49.549072265625 0.600217342376709
benign_A_1737_1_MLO.png
0
cancer_A_1102_1_MLO.png
0
cancer_A_1009_1_CC.png
2
463.1184997558594 655.3775024414062 109.62661743164062 125.94091796875 0.29772329330444336
460.59490966796875 657.4517822265625 112.61712646484375 123.7431640625 0.38232603669166565
cancer_D_4049_1_CC.png
1
4.974708557128906 266.1651306152344 60.95744323730469 79.04537963867188 0.23367023468017578
cancer_A_1093_1_CC.png
2
271.01019287109375 540.0792236328125 42.686004638671875 47.476318359375 0.09884067624807358
270.919677734375 539.661865234375 44.977020263671875 47.502685546875 0.8563323616981506
cancer_C_0085_1_CC.png
0
benign_A_1397_1_MLO.png
6
464.52044677734375 916.4019775390625 50.41021728515625 48.0924072265625 0.8079442381858826
386.12188720703125 941.3367309570312 43.3572998046875 46.3336181640625 0.23591001331806183
361.8347473144531 564.0326538085938 63.252197265625 58.21746826171875 0.05451909080147743
360.7386169433594 560.74658203125 67.00567626953125 64.262451171875 0.8535748720169067
533.6010131835938 325.2943420410156 47.281494140625 61.007965087890625 0.249319925904274
468.5732116699219 920.916015625 42.2313232421875 41.7900390625 0.11115138232707977
cancer_B_3503_1_MLO.png
6
283.39385986328125 495.39990234375 91.09567260742188 99.66571044921875 0.5803442597389221
75.11203002929688 681.5843505859375 97.56654357910156 108.19793701171875 0.08125445991754532
98.61964416503906 708.0997314453125 57.57011413574219 61.21600341796875 0.9697228670120239
77.86570739746094 327.68109130859375 65.87747192382812 54.2174072265625 0.5668209791183472
298.46563720703125 523.5236206054688 57.635162353515625 53.90576171875 0.36366578936576843
196.7428741455078 374.795654296875 28.263565063476562 35.867706298828125 0.309777170419693
cancer_B_3085_1_CC.png
3
46.31605529785156 209.3463897705078 32.73895263671875 34.06526184082031 0.06689035892486572
31.690744400024414 466.4341735839844 104.89235496520996 98.49832153320312 0.9924665093421936
37.79943084716797 206.29684448242188 46.347694396972656 43.7762451171875 0.9687390923500061
cancer_A_1255_1_CC.png
2
336.7274475097656 729.4616088867188 75.13168334960938 101.11602783203125 0.9362871050834656
348.1347351074219 743.73388671875 59.40142822265625 73.998046875 0.13877038657665253
benign_A_1811_1_CC.png
0
benign_C_0282_1_MLO.png
1
252.7801055908203 613.4265747070312 69.22074890136719 84.5791015625 0.0927586778998375
benign_B_3483_1_MLO.png
3
232.39808654785156 334.5498352050781 66.27769470214844 85.46054077148438 0.3050837516784668
226.15908813476562 527.9193115234375 76.39593505859375 68.06500244140625 0.1658409833908081
231.16799926757812 333.1888732910156 70.3931884765625 82.80752563476562 0.7469639182090759
cancer_A_1212_1_CC.png
0
cancer_A_1109_1_CC.png
2
436.6334533691406 426.11883544921875 85.36386108398438 73.1939697265625 0.5555964708328247
666.0523681640625 179.68115234375 78.4989013671875 112.14859008789062 0.4231337904930115
cancer_C_0192_1_CC.png
2
120.36528778076172 300.05645751953125 73.5013656616211 87.95858764648438 0.9551807045936584
211.05502319335938 632.4934692382812 36.59605407714844 36.9119873046875 0.9573320746421814
benign_C_0364_1_CC.png
5
154.49745178222656 752.535888671875 42.836578369140625 43.3070068359375 0.6565420627593994
127.90510559082031 475.4784851074219 60.671295166015625 81.76754760742188 0.5857493281364441
2.0326828956604004 441.1935729980469 47.499059200286865 74.93136596679688 0.4409365952014923
156.23387145996094 752.1796264648438 48.16883850097656 45.32073974609375 0.3118700385093689
135.78147888183594 483.2925109863281 49.22315979003906 66.34634399414062 0.07841622084379196
benign_D_4058_1_MLO.png
0
cancer_B_3394_1_MLO.png
2
186.745849609375 355.3366394042969 27.297714233398438 29.804840087890625 0.7503334283828735
186.9406280517578 355.7376403808594 29.56817626953125 27.331573486328125 0.333590567111969
cancer_A_1849_1_CC.png
0
benign_C_0393_1_CC.png
0
benign_A_1812_1_MLO.png
0
cancer_C_0080_1_MLO.png
3
96.6537094116211 405.0355224609375 115.50939178466797 134.6583251953125 0.09229225665330887
70.82142639160156 379.0959167480469 160.7649688720703 166.33383178710938 0.9793222546577454
331.4095458984375 567.781005859375 51.982208251953125 56.569091796875 0.1803845316171646
cancer_A_1329_1_MLO.png
3
632.103271484375 612.1823120117188 95.63311767578125 97.62762451171875 0.2440839409828186
639.9374389648438 624.1109008789062 85.23687744140625 72.74114990234375 0.8579678535461426
222.99838256835938 706.0531616210938 86.36376953125 120.81170654296875 0.06097748503088951
cancer_A_1082_1_CC.png
1
155.5787353515625 485.1756591796875 119.09585571289062 123.03472900390625 0.9769957065582275
cancer_A_1417_1_CC.png
1
224.46307373046875 699.3709716796875 55.477294921875 64.01043701171875 0.965351939201355
cancer_A_1511_1_CC.png
4
518.607177734375 320.3085021972656 122.86328125 139.96334838867188 0.920711874961853
337.18560791015625 700.3679809570312 87.27838134765625 98.56903076171875 0.787564218044281
523.3146362304688 590.6024169921875 45.0465087890625 44.6240234375 0.9418755173683167
354.6616516113281 727.9637451171875 55.069610595703125 44.434326171875 0.5725991725921631
benign_A_1739_1_CC.png
2
302.534423828125 456.8952331542969 55.111236572265625 53.84564208984375 0.08038817346096039
303.2746276855469 455.1201477050781 54.126312255859375 57.285186767578125 0.12179230898618698
benign_A_1781_1_MLO.png
2
410.5107727050781 718.0501098632812 121.54208374023438 104.868896484375 0.4808889925479889
398.4201965332031 691.1294555664062 140.17825317382812 142.63037109375 0.8203432559967041
cancer_D_4101_1_CC.png
0
benign_A_1518_1_CC.png
2
434.1465148925781 494.5301208496094 106.85061645507812 108.92593383789062 0.8905317783355713
348.8119812011719 585.8461303710938 66.62704467773438 72.57830810546875 0.9529058933258057
benign_A_1739_1_MLO.png
3
432.1025695800781 1057.8240966796875 119.35665893554688 101.4947509765625 0.9746638536453247
387.56494140625 657.7061157226562 90.68753051757812 79.02801513671875 0.22413577139377594
364.2785949707031 632.5302124023438 139.35360717773438 130.9710693359375 0.9635685086250305
benign_A_1799_1_CC.png
2
223.99986267089844 428.7847900390625 56.79527282714844 47.0390625 0.07577308267354965
225.3624267578125 429.8621520996094 55.965606689453125 45.138214111328125 0.22450587153434753
benign_A_1948_1_MLO.png
2
335.845703125 787.5975341796875 45.39111328125 49.43316650390625 0.22221770882606506
324.9159851074219 774.9671630859375 67.64080810546875 77.45184326171875 0.8727940917015076
cancer_D_4128_1_CC.png
4
178.9417266845703 442.6302490234375 126.35874938964844 144.34698486328125 0.9533339142799377
49.608482360839844 182.44500732421875 29.62158966064453 30.310470581054688 0.0514858104288578
50.12006759643555 181.05300903320312 33.955570220947266 33.347625732421875 0.5457735657691956
150.2535400390625 421.5386657714844 174.0172119140625 169.92587280273438 0.33817023038864136
benign_A_1335_1_MLO.png
3
443.6000671386719 639.9635009765625 106.81106567382812 119.945556640625 0.2179652452468872
357.6341552734375 692.42529296875 51.914154052734375 48.90802001953125 0.1767442226409912
351.80902099609375 683.8699340820312 56.552947998046875 53.8741455078125 0.14996354281902313
benign_D_4037_1_MLO.png
2
72.82609558105469 572.5638427734375 75.0289306640625 74.2669677734375 0.2613721489906311
35.7161865234375 751.4503173828125 87.41149139404297 81.836181640625 0.13052727282047272
cancer_B_3379_1_CC.png
2
163.27560424804688 603.3203125 44.52214050292969 54.55255126953125 0.4645653963088989
171.824462890625 611.9285278320312 33.083099365234375 39.6710205078125 0.5734002590179443
benign_A_1767_1_MLO.png
1
157.4852294921875 595.99560546875 98.69683837890625 102.01953125 0.10143484175205231
cancer_C_0215_1_CC.png
2
8.136236190795898 465.8844909667969 85.60410499572754 101.48849487304688 0.7710550427436829
10.896988868713379 472.71282958984375 82.47351741790771 88.81842041015625 0.49856314063072205
cancer_A_1224_1_CC.png
0
benign_B_3102_1_CC.png
4
371.31280517578125 821.0894165039062 77.10354614257812 87.9552001953125 0.09595596790313721
316.2265930175781 475.06146240234375 45.4208984375 42.6876220703125 0.9828396439552307
372.4664611816406 827.969970703125 69.58294677734375 73.59564208984375 0.9265548586845398
59.79444122314453 1041.940185546875 55.569061279296875 49.7235107421875 0.1498470902442932
benign_C_0380_1_MLO.png
1
294.49359130859375 347.0627746582031 120.50021362304688 98.99761962890625 0.7262341380119324
cancer_C_0471_1_MLO.png
3
167.89495849609375 525.2550048828125 60.22138977050781 62.8118896484375 0.8706246018409729
136.98886108398438 719.5615844726562 71.44229125976562 72.13873291015625 0.06720826029777527
149.5961456298828 505.4906921386719 105.43049621582031 110.34970092773438 0.37640926241874695
cancer_C_0077_1_CC.png
2
17.71015739440918 212.1024932861328 65.23652076721191 52.69023132324219 0.8692736625671387
27.26005744934082 215.59852600097656 49.91024589538574 49.63893127441406 0.1787451058626175
benign_A_1943_1_MLO.png
0
benign_C_0478_1_CC.png
1
258.7642822265625 392.9934387207031 237.04214477539062 200.07095336914062 0.26881930232048035
cancer_A_1534_1_CC.png
3
386.4840393066406 722.1725463867188 57.194305419921875 50.13916015625 0.7220301628112793
262.01519775390625 597.072265625 52.361114501953125 63.17230224609375 0.9732366800308228
396.03607177734375 733.9833374023438 42.287628173828125 29.66839599609375 0.05238659307360649
cancer_C_0228_1_MLO.png
1
82.38323974609375 387.6319580078125 103.26824951171875 104.00357055664062 0.9230244755744934
cancer_C_0159_1_CC.png
2
258.3753967285156 685.7886352539062 56.643890380859375 70.3851318359375 0.5208339691162109
192.57989501953125 426.9196472167969 187.73834228515625 262.0909729003906 0.47238969802856445
cancer_D_4087_1_CC.png
0
benign_A_1842_1_MLO.png
8
434.9273681640625 844.743408203125 46.880157470703125 66.5045166015625 0.9891279339790344
192.04788208007812 416.63140869140625 91.77777099609375 90.71304321289062 0.9620084762573242
256.74102783203125 275.9540710449219 78.11996459960938 97.74908447265625 0.18365588784217834
342.92864990234375 454.3087463378906 65.7198486328125 80.92916870117188 0.07152006775140762
268.2322998046875 289.3419189453125 61.533660888671875 78.24588012695312 0.5618401169776917
346.4140625 467.5350646972656 59.956085205078125 64.14700317382812 0.12813180685043335
476.0414733886719 280.6666564941406 64.54489135742188 60.463897705078125 0.12370775640010834
436.0813293457031 843.7232055664062 41.547607421875 60.36614990234375 0.05980980768799782
benign_A_1423_1_CC.png
0
cancer_A_1045_1_MLO.png
1
342.0822448730469 752.9154663085938 79.86270141601562 83.40655517578125 0.21435444056987762
cancer_B_3413_1_CC.png
0
cancer_A_1823_1_CC.png
1
441.68878173828125 390.7284240722656 184.8060302734375 170.08261108398438 0.9936720132827759
benign_C_0402_1_MLO.png
1
192.9764862060547 403.9721374511719 101.91905212402344 91.00970458984375 0.09369203448295593
benign_B_3490_1_MLO.png
2
157.90194702148438 538.2134399414062 132.41082763671875 166.22564697265625 0.10909556597471237
150.96826171875 513.5503540039062 142.3809814453125 196.64404296875 0.8096068501472473
benign_C_0337_1_CC.png
2
68.61354064941406 206.8540496826172 101.39872741699219 107.66047668457031 0.7656803727149963
179.5835723876953 516.0772705078125 70.6890869140625 76.28839111328125 0.22847414016723633
cancer_A_1534_1_MLO.png
1
332.3515625 777.6149291992188 51.9620361328125 63.5802001953125 0.9765005111694336
cancer_C_0191_1_CC.png
4
196.019775390625 255.8169708251953 67.88555908203125 74.91978454589844 0.05474023148417473
270.8880615234375 408.260498046875 115.17919921875 127.830810546875 0.9963151812553406
113.09362030029297 238.53036499023438 80.95589447021484 72.15301513671875 0.7560886144638062
200.4950714111328 260.1028747558594 60.43528747558594 66.75985717773438 0.317242294549942
cancer_A_1045_1_CC.png
1
234.88499450683594 487.97625732421875 79.68986511230469 101.0648193359375 0.05040089413523674
benign_A_1765_1_MLO.png
3
302.84027099609375 559.5166015625 96.97610473632812 93.0841064453125 0.8660288453102112
142.14088439941406 793.29931640625 56.38417053222656 78.9285888671875 0.08332088589668274
315.2021179199219 576.0831909179688 75.08059692382812 56.0421142578125 0.20045159757137299
benign_D_4029_1_CC.png
3
280.94989013671875 591.7459716796875 61.6866455078125 79.37890625 0.9690839648246765
189.16415405273438 675.151123046875 63.20062255859375 69.79046630859375 0.47540104389190674
260.65277099609375 486.53594970703125 75.0623779296875 76.99658203125 0.6262602210044861
benign_A_1785_1_MLO.png
2
155.80506896972656 626.85400390625 77.88279724121094 89.66558837890625 0.22067561745643616
148.31472778320312 355.7159423828125 48.77459716796875 55.762908935546875 0.1308455467224121
cancer_A_1985_1_MLO.png
4
275.9696044921875 570.2446899414062 67.70150756835938 68.887939453125 0.6451494097709656
372.6391296386719 310.2946472167969 99.37673950195312 112.59201049804688 0.051244430243968964
428.4527893066406 710.3860473632812 97.62808227539062 121.72967529296875 0.9887281656265259
281.7273864746094 574.8370361328125 58.71270751953125 58.91790771484375 0.13651512563228607
cancer_A_1080_1_CC.png
0
cancer_A_1237_1_MLO.png
1
237.92782592773438 353.1021728515625 170.67282104492188 169.1756591796875 0.9618306756019592
cancer_C_0180_1_CC.png
2
99.64412689208984 456.8341979980469 45.939537048339844 51.25750732421875 0.9112951159477234
116.65794372558594 208.59242248535156 116.57859802246094 95.68067932128906 0.5965350270271301
benign_B_3156_1_CC.png
1
98.46360778808594 241.00802612304688 72.63954162597656 93.32046508789062 0.05483429133892059
benign_A_1471_1_CC.png
1
428.3822021484375 919.81103515625 83.09860229492188 67.435302734375 0.9808809757232666
benign_A_1948_1_CC.png
0
cancer_C_0052_1_CC.png
1
16.52445411682129 308.29022216796875 59.58536338806152 73.34689331054688 0.8466439843177795
cancer_C_0146_1_CC.png
5
11.162178039550781 407.86083984375 43.19930648803711 53.516387939453125 0.0751616358757019
190.54922485351562 369.5827331542969 36.19877624511719 36.89453125 0.06797481328248978
3.3155791759490967 388.2087707519531 61.15137028694153 89.8421630859375 0.9835830330848694
192.09634399414062 370.6336975097656 33.99610900878906 35.788299560546875 0.09974289685487747
274.4893493652344 532.240966796875 45.106842041015625 57.12542724609375 0.06450793147087097
cancer_A_1849_1_MLO.png
0
benign_B_3144_1_CC.png
4
434.9929504394531 313.7466125488281 67.96804809570312 77.2509765625 0.9616999626159668
154.93841552734375 283.77801513671875 55.64991760253906 60.1815185546875 0.24010272324085236
158.69528198242188 288.7616882324219 52.11753845214844 52.9473876953125 0.1869228631258011
414.87969970703125 296.1898193359375 99.903564453125 114.94332885742188 0.06603793799877167
benign_A_1709_1_MLO.png
3
424.5466003417969 857.3165893554688 56.314544677734375 58.83203125 0.5840155482292175
278.4483642578125 644.3364868164062 58.095672607421875 64.25042724609375 0.0854872614145279
429.2195739746094 854.993408203125 45.444091796875 56.851806640625 0.12039628624916077
cancer_C_0038_1_MLO.png
2
162.27711486816406 614.5390625 104.24400329589844 129.34722900390625 0.9430051445960999
182.73751831054688 647.510986328125 67.61460876464844 64.005859375 0.06656529754400253
benign_A_1408_1_MLO.png
1
873.8927001953125 756.7958984375 82.5106201171875 94.4395751953125 0.47266629338264465
cancer_A_1904_1_MLO.png
2
287.5423583984375 361.8642883300781 38.723541259765625 42.8062744140625 0.20036767423152924
282.96197509765625 355.87567138671875 51.55010986328125 54.17840576171875 0.8850674033164978
cancer_D_4173_1_MLO.png
0
cancer_C_0048_1_CC.png
3
4.255086421966553 301.5191650390625 80.20365381240845 71.32904052734375 0.5240268707275391
7.494004726409912 294.3154602050781 75.831778049469 86.47857666015625 0.15317793190479279
3.4334545135498047 443.9512939453125 54.30291175842285 72.18951416015625 0.11452390253543854
cancer_A_1253_1_MLO.png
2
585.1546020507812 562.0125122070312 46.09393310546875 46.79595947265625 0.6469621062278748
586.4255981445312 563.2771606445312 49.64208984375 49.186279296875 0.5042384266853333
cancer_A_1215_1_CC.png
1
197.63723754882812 347.1737060546875 356.5400695800781 258.5426025390625 0.9957394599914551
benign_D_4026_1_CC.png
0
benign_A_1715_1_CC.png
4
397.2824401855469 597.66064453125 38.810760498046875 49.88629150390625 0.8237354755401611
246.90969848632812 389.16552734375 64.144287109375 47.608489990234375 0.1383611410856247
238.25631713867188 377.2359313964844 80.48666381835938 68.31356811523438 0.9116556644439697
400.30767822265625 600.1876831054688 31.295074462890625 43.78631591796875 0.25738513469696045
benign_A_1454_1_CC.png
2
764.612548828125 1114.7554931640625 87.729736328125 78.5029296875 0.11389151960611343
778.5049438476562 1127.011474609375 59.97027587890625 51.5455322265625 0.8392519950866699
cancer_A_1694_1_MLO.png
2
309.25347900390625 382.8161315917969 77.41079711914062 98.35842895507812 0.062110818922519684
314.0009765625 389.9132385253906 75.10379028320312 79.51998901367188 0.8930003643035889
benign_B_3154_1_MLO.png
2
297.8309020996094 799.1815795898438 61.736602783203125 58.19329833984375 0.9384702444076538
399.61492919921875 447.5685119628906 55.792327880859375 57.751190185546875 0.056766778230667114
cancer_A_1402_1_CC.png
2
349.10369873046875 626.065673828125 39.751708984375 43.88604736328125 0.1701088696718216
349.1833801269531 626.7880249023438 40.934967041015625 44.20928955078125 0.39922159910202026
cancer_A_1112_1_CC.png
1
318.68231201171875 620.5885009765625 70.0975341796875 79.29400634765625 0.9878833889961243
cancer_A_1467_1_CC.png
4
224.86026000976562 617.7939453125 53.5006103515625 69.15850830078125 0.08437516540288925
406.02423095703125 228.98818969726562 75.79629516601562 63.943695068359375 0.9060156941413879
223.3472137451172 619.7099609375 59.55720520019531 66.28668212890625 0.7628437876701355
314.84197998046875 218.71449279785156 266.4599609375 202.1253204345703 0.43900352716445923
cancer_A_1511_1_MLO.png
4
131.43359375 706.2053833007812 59.436676025390625 76.07586669921875 0.5933025479316711
331.06610107421875 598.4396362304688 44.17987060546875 43.1611328125 0.0977473333477974
332.0554504394531 597.7318725585938 46.070648193359375 49.61279296875 0.9023033976554871
130.0661163330078 704.35693359375 61.78846740722656 73.62933349609375 0.3837079405784607
benign_A_1421_1_MLO.png
6
412.64630126953125 830.9649658203125 58.067901611328125 64.07928466796875 0.7052929997444153
596.6715087890625 1065.80029296875 98.83343505859375 93.3699951171875 0.10786724835634232
607.1549682617188 1083.424072265625 73.35137939453125 61.8824462890625 0.9392575621604919
421.78753662109375 831.3800659179688 50.1632080078125 62.25 0.35795289278030396
387.9491882324219 426.0437927246094 83.87893676757812 103.24417114257812 0.18638259172439575
362.0986633300781 567.053466796875 67.90054321289062 70.23394775390625 0.05452222749590874
cancer_C_0192_1_MLO.png
2
194.28468322753906 524.8770141601562 60.26286315917969 61.92474365234375 0.1929405927658081
203.68521118164062 532.1768188476562 42.77911376953125 45.70501708984375 0.8483970165252686
cancer_C_0205_1_CC.png
1
371.40313720703125 323.2364807128906 64.06253051757812 63.26025390625 0.3338210880756378
cancer_B_3394_1_CC.png
0
benign_A_1414_1_MLO.png
3
567.6238403320312 1052.6622314453125 92.8858642578125 96.83935546875 0.7975143194198608
435.9680480957031 417.1067199707031 205.95059204101562 152.69650268554688 0.9766986966133118
579.2135620117188 1063.416259765625 65.71722412109375 73.228515625 0.49671974778175354
cancer_C_0075_1_MLO.png
2
59.880218505859375 508.046630859375 188.23069763183594 180.07421875 0.9943115711212158
340.68218994140625 554.4569702148438 44.134735107421875 66.63677978515625 0.0739017128944397
cancer_A_1823_1_MLO.png
1
333.4557800292969 321.8164978027344 197.52981567382812 148.10806274414062 0.9951493144035339
cancer_A_1020_1_MLO.png
1
563.1883544921875 152.64007568359375 64.55908203125 105.7120361328125 0.27663305401802063
cancer_A_1089_1_MLO.png
2
374.9277648925781 667.213623046875 103.29583740234375 104.77593994140625 0.40876153111457825
391.8460693359375 682.5151977539062 68.73355102539062 69.16436767578125 0.4111616015434265
benign_B_3483_1_CC.png
2
12.870972633361816 258.36431884765625 102.32462215423584 96.680908203125 0.7536503672599792
95.11304473876953 234.40597534179688 86.95758819580078 75.92849731445312 0.07875833660364151
cancer_A_1622_1_MLO.png
2
490.64935302734375 883.3402709960938 91.54498291015625 86.4039306640625 0.9908870458602905
231.07644653320312 598.4179077148438 171.88644409179688 111.79840087890625 0.29343006014823914
benign_A_1784_1_MLO.png
0
cancer_A_1247_1_CC.png
0
benign_A_1321_1_MLO.png
3
570.2861938476562 647.5346069335938 73.243408203125 74.82379150390625 0.3478028476238251
198.06031799316406 379.4914245605469 122.25386047363281 94.19393920898438 0.09122789651155472
570.8773803710938 652.4376220703125 73.5345458984375 66.2349853515625 0.061260003596544266
cancer_C_0146_1_MLO.png
2
19.009868621826172 524.5147094726562 90.51469802856445 87.09521484375 0.78041672706604
23.538280487060547 533.7510986328125 81.43819046020508 70.58343505859375 0.10486723482608795
cancer_B_3373_1_MLO.png
3
234.52935791015625 556.5828247070312 122.7269287109375 128.37933349609375 0.9912998080253601
328.7279968261719 257.13323974609375 77.71530151367188 56.992218017578125 0.9764794707298279
130.8124542236328 287.8790588378906 48.60505676269531 66.513427734375 0.9660154581069946
benign_C_0274_1_MLO.png
1
163.69900512695312 278.20086669921875 71.95001220703125 84.8822021484375 0.9882758259773254
cancer_D_4034_1_CC.png
3
186.99649047851562 608.2393798828125 58.22480773925781 78.06561279296875 0.12826763093471527
194.8451385498047 619.4171142578125 43.56523132324219 53.46832275390625 0.9268366694450378
135.18130493164062 409.9244384765625 70.11834716796875 88.24789428710938 0.07680352032184601
benign_B_3102_1_MLO.png
6
234.91177368164062 776.6134033203125 67.83126831054688 71.432861328125 0.8835901021957397
510.9103088378906 464.0926208496094 34.562103271484375 34.915924072265625 0.3564564883708954
81.15119934082031 143.78921508789062 75.04765319824219 91.25856018066406 0.966144323348999
221.3224334716797 321.298828125 51.29457092285156 44.114593505859375 0.7421831488609314
510.39776611328125 460.73468017578125 39.0201416015625 40.409088134765625 0.7279823422431946
232.4849395751953 767.2288818359375 76.79960632324219 93.1455078125 0.14782026410102844
benign_A_1545_1_CC.png
0
cancer_A_1261_1_CC.png
2
348.1175537109375 332.5609130859375 67.86831665039062 60.31781005859375 0.8836426734924316
357.2480773925781 340.49566650390625 56.85406494140625 45.14056396484375 0.1626189947128296
cancer_B_3069_1_CC.png
2
72.69414520263672 451.6761169433594 93.77310943603516 120.03237915039062 0.16697648167610168
4.140000820159912 253.70108032226562 39.2944016456604 54.30023193359375 0.07460770756006241
cancer_C_0101_1_CC.png
5
241.5467987060547 451.5048522949219 85.45594787597656 75.20742797851562 0.06468828022480011
242.25262451171875 443.3731994628906 87.51318359375 88.72994995117188 0.556466817855835
77.28485870361328 485.3649597167969 75.88532257080078 99.97763061523438 0.5477533936500549
134.83628845214844 321.4830322265625 176.83729553222656 117.75189208984375 0.26579749584198
0.0 333.16632080078125 65.4052734375 55.065338134765625 0.07232455909252167
benign_A_1500_1_CC.png
1
547.8408813476562 141.6017303466797 57.30572509765625 43.87965393066406 0.2393799126148224
benign_C_0401_1_CC.png
0
cancer_A_1329_1_CC.png
0
cancer_C_0471_1_CC.png
4
71.9678955078125 329.9952697753906 51.08038330078125 61.3851318359375 0.12209796905517578
0.0 416.8081970214844 113.42798614501953 238.44046020507812 0.9803962111473083
58.5648078918457 331.20721435546875 71.36431503295898 73.433837890625 0.37798258662223816
245.5823974609375 457.1748046875 44.558624267578125 49.406005859375 0.08269955217838287
benign_D_4047_1_CC.png
4
176.5305938720703 519.0844116210938 30.010040283203125 34.4241943359375 0.8178722262382507
187.33206176757812 379.48040771484375 35.44769287109375 43.139373779296875 0.5302644371986389
185.65464782714844 380.5523986816406 38.05976867675781 41.123077392578125 0.3538293242454529
177.36134338378906 521.1961669921875 28.584930419921875 31.9300537109375 0.0534101165831089
benign_B_3123_1_CC.png
3
240.06979370117188 425.0005798339844 61.39764404296875 59.69873046875 0.24769183993339539
52.39059829711914 119.07077026367188 27.12679672241211 26.550216674804688 0.9243712425231934
209.1042022705078 337.45849609375 46.96437072753906 54.9901123046875 0.18575303256511688
cancer_A_1261_1_MLO.png
1
346.4062194824219 647.3838500976562 87.83273315429688 67.00140380859375 0.9798769354820251
cancer_C_0070_1_CC.png
2
5.726701259613037 667.66259765625 87.38771677017212 92.61968994140625 0.12937428057193756
4.552130699157715 662.2347412109375 91.15657901763916 103.24591064453125 0.44511622190475464
cancer_A_1109_1_MLO.png
3
544.9301147460938 607.2590942382812 81.603271484375 92.0784912109375 0.35805708169937134
497.97564697265625 312.05511474609375 92.64801025390625 71.33340454101562 0.9585137963294983
555.9517211914062 621.2740478515625 66.28466796875 67.15643310546875 0.6763051152229309
cancer_C_0161_1_CC.png
4
111.132568359375 612.736328125 66.83724975585938 67.98944091796875 0.3294356167316437
182.8966522216797 505.3368835449219 53.15083312988281 75.95834350585938 0.9463133811950684
207.08145141601562 363.2414245605469 97.17828369140625 121.35153198242188 0.8183497786521912
113.40486907958984 615.15185546875 60.85851287841797 61.93341064453125 0.7247728705406189
benign_A_1397_1_CC.png
3
490.87994384765625 269.94677734375 42.95867919921875 49.57464599609375 0.684353232383728
368.8441162109375 543.9827270507812 113.54031372070312 100.97607421875 0.10668480396270752
488.29559326171875 268.7572326660156 45.39703369140625 52.628814697265625 0.13022524118423462
cancer_A_1904_1_CC.png
2
424.0155944824219 347.8942565917969 41.275421142578125 45.133453369140625 0.33686941862106323
425.6035461425781 346.43597412109375 41.684722900390625 48.184326171875 0.7043106555938721
cancer_A_1243_1_CC.png
2
207.11790466308594 533.3064575195312 80.72221374511719 97.26312255859375 0.3049487769603729
315.133056640625 605.631591796875 101.57449340820312 117.15911865234375 0.9679751396179199
cancer_C_0108_1_MLO.png
1
26.53132438659668 391.6996765136719 222.78604316711426 209.24246215820312 0.9977636337280273
benign_A_1805_1_MLO.png
2
143.19677734375 750.4163208007812 155.93359375 149.63116455078125 0.1302272528409958
154.3309326171875 746.1959838867188 143.16192626953125 154.78082275390625 0.10210750252008438
benign_A_1264_1_CC.png
0
benign_D_4004_1_CC.png
4
266.722412109375 600.0309448242188 66.34259033203125 63.85174560546875 0.20943084359169006
104.61067962646484 292.65008544921875 107.18254852294922 86.07858276367188 0.14102283120155334
263.2537841796875 369.2784118652344 50.0411376953125 58.585662841796875 0.45441457629203796
276.2445983886719 608.7906494140625 52.794158935546875 47.36322021484375 0.14841657876968384
cancer_C_0038_1_CC.png
0
benign_B_3491_1_MLO.png
1
226.74282836914062 419.8079528808594 53.0245361328125 63.72802734375 0.15893077850341797
cancer_A_1187_1_MLO.png
3
237.9088592529297 474.51531982421875 81.51435852050781 103.47955322265625 0.7428581118583679
253.53387451171875 681.9049682617188 46.006805419921875 53.68218994140625 0.11506067216396332
277.64019775390625 966.6785888671875 68.3721923828125 73.7354736328125 0.09580940008163452
cancer_A_1082_1_MLO.png
2
272.3001708984375 939.7918701171875 80.50772094726562 77.113525390625 0.980754017829895
426.1902160644531 433.48272705078125 63.629852294921875 76.60366821289062 0.2764006555080414
benign_B_3490_1_CC.png
1
308.5626525878906 656.685302734375 69.17276000976562 72.3055419921875 0.0728682279586792
benign_A_1542_1_CC.png
3
334.115966796875 968.3304443359375 61.899139404296875 50.374755859375 0.1386745721101761
388.1900939941406 561.9518432617188 59.829132080078125 52.7276611328125 0.13779126107692719
337.49798583984375 973.2150268554688 56.662139892578125 38.9974365234375 0.06797488033771515
cancer_A_1187_1_CC.png
3
416.7174377441406 581.270263671875 88.66650390625 103.22772216796875 0.07273492217063904
429.37371826171875 596.6110229492188 65.75234985351562 70.723876953125 0.9581375122070312
510.48321533203125 422.94378662109375 80.16510009765625 96.5064697265625 0.0683632344007492
cancer_A_1247_1_MLO.png
1
450.2713623046875 569.4028930664062 217.64691162109375 229.31951904296875 0.2706983685493469
cancer_D_4173_1_CC.png
0
benign_C_0401_1_MLO.png
0
cancer_C_0340_1_CC.png
3
17.743967056274414 288.8980712890625 60.416608810424805 56.254669189453125 0.9905519485473633
112.83851623535156 167.28013610839844 34.889404296875 29.30267333984375 0.3170977532863617
228.9547882080078 388.6482849121094 147.23182678222656 194.85031127929688 0.19684667885303497
benign_C_0364_1_MLO.png
5
221.17405700683594 540.669189453125 42.47691345214844 49.31085205078125 0.8949517011642456
51.65963363647461 508.27288818359375 79.77162551879883 58.4473876953125 0.41846898198127747
40.97913360595703 501.9136657714844 99.32530975341797 67.48611450195312 0.9229846596717834
223.7611541748047 598.7423095703125 61.33061218261719 56.59185791015625 0.1342027634382248
219.737060546875 547.1663818359375 45.239837646484375 46.47808837890625 0.06781070679426193
cancer_A_1404_1_CC.png
3
401.6552734375 687.6205444335938 48.913482666015625 56.3209228515625 0.08367224782705307
315.78314208984375 282.79779052734375 170.332275390625 172.80032348632812 0.984001874923706
404.6947937011719 689.3223266601562 41.33734130859375 51.4888916015625 0.2985244691371918
cancer_A_1182_1_MLO.png
0
cancer_C_0052_1_MLO.png
2
134.76844787597656 180.54156494140625 104.76731872558594 98.77960205078125 0.9058842062950134
70.538330078125 453.28045654296875 109.68107604980469 92.052734375 0.06745150685310364
benign_D_4072_1_CC.png
2
15.688277244567871 485.96563720703125 113.380051612854 148.87078857421875 0.8971510529518127
26.57851791381836 329.31146240234375 51.850284576416016 55.592498779296875 0.7220349907875061
cancer_A_1255_1_MLO.png
2
318.9746398925781 883.3576049804688 64.67767333984375 62.43670654296875 0.11657041311264038
324.40185546875 884.6102294921875 64.81878662109375 63.8677978515625 0.9230850338935852
cancer_C_0215_1_MLO.png
3
125.55685424804688 543.5453491210938 77.72543334960938 75.23956298828125 0.9870408177375793
17.276165008544922 724.1404418945312 95.18607711791992 87.59075927734375 0.7337800860404968
200.6619110107422 553.2352905273438 80.64430236816406 95.14593505859375 0.658686637878418
cancer_B_3048_1_CC.png
6
306.8896179199219 598.6220092773438 47.587554931640625 52.697998046875 0.4197051227092743
155.07952880859375 501.3500671386719 78.94586181640625 120.19619750976562 0.2124822735786438
121.13761138916016 327.3181457519531 39.06908416748047 50.066619873046875 0.10012578219175339
196.9635772705078 481.83856201171875 45.51055908203125 43.9356689453125 0.08243340253829956
59.80080032348633 230.08114624023438 82.31274032592773 110.05657958984375 0.0790775716304779
35.900142669677734 606.1327514648438 40.27523422241211 52.7525634765625 0.05863446742296219
cancer_B_3048_1_MLO.png
3
171.25047302246094 259.738525390625 59.96502685546875 63.318572998046875 0.09912296384572983
174.22354125976562 267.371826171875 53.126312255859375 48.0958251953125 0.7126793265342712
251.31361389160156 274.2825927734375 99.11717224121094 140.58489990234375 0.659452497959137
cancer_D_4087_1_MLO.png
1
51.35192108154297 399.3974609375 120.1814193725586 100.3270263671875 0.16308505833148956
benign_C_0235_1_CC.png
2
168.3392333984375 631.566162109375 49.18952941894531 61.59613037109375 0.09363140165805817
172.5048065185547 631.0855712890625 47.49336242675781 60.58990478515625 0.9392113089561462
benign_C_0404_1_MLO.png
2
119.57256317138672 718.4158935546875 90.48387908935547 87.27239990234375 0.08098894357681274
128.5034637451172 718.260498046875 75.69805908203125 73.69403076171875 0.40076348185539246
benign_A_1335_1_CC.png
2
453.67425537109375 592.4800415039062 83.55072021484375 74.076171875 0.5855905413627625
456.9762268066406 594.08447265625 78.53646850585938 71.110107421875 0.22323110699653625
cancer_A_1727_1_CC.png
3
278.5704345703125 825.995361328125 88.46707153320312 88.98797607421875 0.9205080270767212
398.7607116699219 442.34698486328125 44.017730712890625 37.47235107421875 0.14924028515815735
291.290771484375 836.3687133789062 68.82144165039062 68.49072265625 0.06248084455728531
cancer_B_3010_1_CC.png
6
163.81536865234375 700.8863525390625 57.761688232421875 65.84478759765625 0.6617233753204346
169.78506469726562 584.2283935546875 46.57875061035156 51.97027587890625 0.660396158695221
352.5373840332031 606.7208862304688 57.711181640625 58.52435302734375 0.06913994997739792
353.26593017578125 602.0769653320312 56.0997314453125 65.42205810546875 0.520725429058075
174.94271850585938 593.9923095703125 36.60472106933594 34.085205078125 0.1712392270565033
2.8124427795410156 987.5629272460938 33.174617767333984 43.21783447265625 0.16259104013442993
benign_B_3123_1_MLO.png
1
303.21820068359375 471.1163330078125 60.30804443359375 69.6446533203125 0.14838318526744843
cancer_A_1694_1_CC.png
0
benign_A_1761_1_CC.png
0
cancer_D_4128_1_MLO.png
3
126.12619018554688 630.807373046875 100.25129699707031 102.66888427734375 0.985263466835022
257.4628601074219 668.9155883789062 76.88970947265625 81.87969970703125 0.9402558207511902
141.46047973632812 316.9894104003906 33.15928649902344 42.416229248046875 0.05087117478251457
benign_A_1634_1_MLO.png
2
575.3308715820312 887.9432983398438 46.117919921875 39.80938720703125 0.9348715543746948
576.3648071289062 884.9666748046875 48.4630126953125 46.767822265625 0.08816211670637131
cancer_C_0077_1_MLO.png
2
171.78123474121094 352.9031677246094 70.17193603515625 96.5146484375 0.7630306482315063
34.79389572143555 134.43621826171875 62.443912506103516 74.7757568359375 0.7061636447906494
cancer_A_1010_1_CC.png
2
336.1676330566406 496.0350036621094 73.94863891601562 84.28457641601562 0.8686227798461914
347.6940612792969 511.25830078125 50.1094970703125 55.40625 0.22245939075946808
benign_B_3143_1_MLO.png
3
58.75685119628906 314.7886047363281 262.7442169189453 269.6349182128906 0.09390803426504135
106.68585205078125 302.3647155761719 186.31890869140625 284.1976013183594 0.9797695875167847
2.379124402999878 188.48109436035156 32.530646562576294 49.66029357910156 0.08332909643650055
benign_D_4064_1_CC.png
3
62.33311080932617 681.83740234375 106.05838394165039 105.0509033203125 0.9810648560523987
63.047847747802734 318.5682067871094 54.69880294799805 63.697174072265625 0.4624018371105194
265.82354736328125 561.2171630859375 53.026031494140625 58.22161865234375 0.07936770468950272
cancer_B_3087_1_MLO.png
3
126.86091613769531 538.6373291015625 79.5469970703125 106.53509521484375 0.9590905904769897
188.44126892089844 823.0177001953125 48.18798828125 53.81048583984375 0.9077596664428711
189.42079162597656 824.07568359375 49.518707275390625 57.834716796875 0.05093357712030411
cancer_A_1224_1_MLO.png
0
cancer_C_0034_1_MLO.png
0
benign_D_4066_1_MLO.png
1
142.03712463378906 362.27392578125 135.01771545410156 185.73333740234375 0.9794616103172302
cancer_C_0161_1_MLO.png
0
cancer_B_3062_1_CC.png
0
cancer_D_4148_1_MLO.png
1
56.81656265258789 562.8305053710938 79.03786849975586 83.143798828125 0.15585856139659882
benign_D_4058_1_CC.png
1
47.147010803222656 388.2410888671875 78.43732452392578 92.080078125 0.9248958230018616
benign_D_4064_1_MLO.png
1
235.04335021972656 469.9586486816406 92.66142272949219 119.83541870117188 0.8204163908958435
cancer_C_0210_1_MLO.png
2
274.79486083984375 553.6720581054688 53.17779541015625 55.3817138671875 0.9671169519424438
25.028778076171875 388.3919372558594 25.627399444580078 36.490692138671875 0.09166057407855988
cancer_B_3375_1_CC.png
3
170.2178497314453 431.3077087402344 46.363006591796875 69.98565673828125 0.9664430618286133
68.28787994384766 460.567138671875 93.6147232055664 95.10284423828125 0.9516693949699402
6.495041370391846 282.2587585449219 48.33546781539917 58.824127197265625 0.10068577527999878
cancer_A_1253_1_CC.png
2
568.374755859375 399.77880859375 54.20635986328125 63.46600341796875 0.09867220371961594
270.3948974609375 712.7135620117188 167.34548950195312 186.31500244140625 0.9645131230354309
cancer_A_1112_1_MLO.png
1
375.7685546875 413.6195983886719 68.08074951171875 83.915771484375 0.9937375783920288
cancer_B_3047_1_MLO.png
2
253.31619262695312 590.233642578125 93.32974243164062 114.96051025390625 0.22100424766540527
384.020751953125 449.60516357421875 59.6810302734375 69.46478271484375 0.08822797983884811
cancer_A_1147_1_CC.png
0
cancer_B_3067_1_MLO.png
4
270.2330017089844 706.3796997070312 59.07672119140625 82.78216552734375 0.7394831776618958
387.3139953613281 347.36895751953125 86.18801879882812 100.91506958007812 0.06155535206198692
278.896240234375 721.8285522460938 43.961700439453125 55.7763671875 0.6244653463363647
387.5505676269531 345.2564392089844 87.02432250976562 100.22207641601562 0.4310982823371887
benign_A_1777_1_CC.png
1
462.0479736328125 190.39382934570312 118.61712646484375 124.98928833007812 0.7457597255706787
benign_D_4086_1_CC.png
0
benign_C_0324_1_MLO.png
2
46.45534896850586 480.4920959472656 171.58395767211914 181.14218139648438 0.12605904042720795
28.458940505981445 461.2633361816406 208.22454643249512 212.89895629882812 0.9908050298690796
cancer_C_0048_1_MLO.png
5
60.34673309326172 571.0077514648438 81.5958023071289 66.58770751953125 0.7049877047538757
5.4842329025268555 641.0188598632812 68.18541431427002 89.34344482421875 0.07447628676891327
15.215507507324219 650.2120361328125 53.77812194824219 70.29345703125 0.8011791110038757
125.07444763183594 510.76873779296875 43.18067932128906 41.49542236328125 0.21543681621551514
77.70668029785156 582.9844360351562 55.81559753417969 41.11212158203125 0.19961601495742798
benign_D_4047_1_MLO.png
5
161.4919891357422 827.6785888671875 152.8971710205078 121.574462890625 0.992423415184021
146.00811767578125 708.1275634765625 42.55731201171875 52.3492431640625 0.5015424489974976
146.83457946777344 710.8651123046875 42.19032287597656 49.615478515625 0.41838574409484863
279.0254211425781 394.28057861328125 43.1341552734375 39.219146728515625 0.12118150293827057
143.8520050048828 811.4578857421875 177.2648162841797 148.04571533203125 0.09716226905584335
benign_B_3143_1_CC.png
3
27.00187873840332 265.2315979003906 246.52967643737793 243.92227172851562 0.6160889267921448
4.405934810638428 372.8058166503906 101.30790948867798 202.64999389648438 0.9965593218803406
65.56985473632812 253.99652099609375 207.85064697265625 269.71380615234375 0.08785583823919296
benign_C_0387_1_MLO.png
2
197.26939392089844 789.0588989257812 110.24885559082031 97.10504150390625 0.9353750348091125
212.75389099121094 807.202392578125 77.12748718261719 59.65301513671875 0.10025747120380402
cancer_C_0141_1_CC.png
2
0.0 439.21502685546875 66.1963882446289 178.90167236328125 0.9991445541381836
23.94325065612793 327.03662109375 66.58589363098145 65.0526123046875 0.5888755917549133
benign_A_1771_1_MLO.png
5
201.0761260986328 840.1241455078125 118.52415466308594 116.3365478515625 0.8396232724189758
465.80712890625 828.6114501953125 108.92333984375 91.09063720703125 0.38582703471183777
373.60638427734375 562.8727416992188 67.73358154296875 83.0428466796875 0.42100659012794495
475.5940246582031 844.8153686523438 82.84878540039062 64.19537353515625 0.2696636915206909
384.7334289550781 663.8466796875 61.6512451171875 62.897216796875 0.1548328548669815
benign_A_1634_1_CC.png
2
481.8738098144531 883.4398803710938 88.54336547851562 98.204345703125 0.9881696701049805
479.3533630371094 878.4376220703125 96.83609008789062 103.4278564453125 0.14378437399864197
